784,7,10
-0,03335634
0,02318082
-0,01227175
-0,006875833
-0,01400003
-0,01400339
-0,04783244
-0,01707071
-0,04215463
-0,07992339
-0,06037557
0,04999143
-0,04584303
-0,05998063
0,01929334
-0,001442431
0,005379336
-0,03579541
-0,04140607
-0,03599735
0,01696004
-0,06050585
-0,07876213
0,0367814
0,03706091
0,07448086
-0,05631505
0,01194663
0,04893004
0,07349344
0,05199966
-0,02981812
0,07365093
-0,03309285
0,002275127
-0,07420513
0,0741514
0,0596071
-0,06792623
0,0553932
0,04979819
0,06282179
-0,008151814
0,06019952
0,0543049
3,31406E-05
0,01611185
-0,01146376
0,01170007
0,03017674
0,004251393
-0,08207159
0,05720129
0,05976398
0,03647395
-0,03160759
-0,02185712
0,05671017
-0,08339398
-0,04546517
0,03813978
0,01757604
0,0809511
-0,01960464
0,05741408
0,04967679
0,0802043
-0,009017114
-0,02193565
-0,04657051
-0,01638512
0,06568448
0,05416868
0,08042748
-0,05540568
0,07278394
-0,04868004
-0,03553848
0,03021759
-0,06419051
-0,06829868
0,03352884
-0,008150262
-0,01682633
0,0580343
0,02281028
-0,05639314
-0,002138238
-0,06767322
-0,007966384
-0,0105303
0,04466818
-0,0901575
-0,03332062
0,02292878
0,1085113
0,06804501
0,04655135
-0,004477723
0,07453165
0,08395822
0,007480836
-0,02520916
0,06596629
-0,05602553
0,07229815
0,02320476
-0,0241621
-0,04108342
-0,07533355
0,02476951
0,04426981
0,07990739
-0,005214916
-0,04851605
0,02898932
-0,05565936
-0,002558902
0,07413127
-0,003108535
0,03288306
0,05661896
0,01373213
-0,07850733
-0,03926844
-0,03573415
-0,06518099
-0,005467259
-0,007463197
-0,01804708
-0,0708129
-0,02930772
-0,02596368
0,03389491
-0,07501955
-0,05362058
0,08486134
-0,003967959
-0,03279384
0,0187505
0,03628243
0,006941917
0,08450028
-0,02905077
-0,07159877
0,05902871
-0,07870498
0,06882092
-0,04016927
0,05348746
-0,04137146
-0,002567218
-0,01046464
0,01235994
0,06444059
-0,0355007
-0,03142903
-0,0598388
0,05777143
-0,07803705
0,002336471
0,0820405
-0,009669902
-0,0847411
0,001127206
-0,07063527
-0,02664814
-0,05770553
-0,07105915
0,07387411
0,01087586
-0,04356752
-0,03669778
-0,03466786
0,0007723983
-0,008599311
0,006001574
-0,03430882
-0,01418527
-0,00902704
-0,03088084
-0,0318064
-0,06223746
-0,04964731
-0,0444838
-0,05417069
0,0672769
0,03392735
0,06606527
-0,05010142
0,04846669
-0,08317016
0,00411202
-0,08587779
0,08380672
0,01445821
-0,06520172
-0,02602949
0,03752328
0,0755128
0,03759157
-0,04713301
0,02112254
-0,01647931
-0,02085551
-0,04264516
-0,01452968
0,02453648
0,06739374
-0,05440008
-0,06640643
-0,002431904
0,01509786
0,0166802
-0,06306882
-0,001895129
-0,05132916
0,06086409
0,06886861
-0,005360352
-0,05285143
-0,03141334
-0,04494055
0,003224021
0,02504451
-0,007546734
0,08619321
0,01119733
0,05418258
-0,01060171
0,01843796
-0,0598851
-0,05444287
-0,035417
-0,04297547
0,08675399
0,04837196
-0,001838778
0,0123828
-0,03375578
0,01521622
-0,000899129
0,05565637
-0,06247364
0,06136484
0,03456231
-0,07069385
-0,04980415
-0,04718744
0,0374038
-0,05613209
-0,02584061
-0,07671972
0,03649222
0,06643914
-0,1007533
0,08605398
-0,01710696
0,02234642
-0,05486971
-0,03390348
-0,02857949
0,009578048
0,05835969
-0,03993848
0,08376795
0,06187954
-0,0325207
0,07943514
-0,05000653
0,07995751
-0,01854743
0,009246443
0,02708052
0,04494279
0,03327512
0,01690853
0,1729776
0,03264582
0,01270517
-0,04306797
-0,0839652
0,01590749
-0,1446561
0,2095214
0,04388142
-0,03287155
-0,09561154
0,01023933
0,1039705
-0,09280813
0,1222875
-0,04682546
-0,04958515
-0,01083147
0,04040104
0,00858713
0,124114
0,01320925
0,08187457
0,02395598
0,04854127
-0,04746544
0,1393551
-0,05090247
0,01311841
-0,02624298
0,04748158
-0,02067569
0,04501652
0,2287326
-0,001142755
0,1078713
-0,07296894
0,07609282
-0,0788871
-0,08106145
0,146118
-0,08424787
-0,01870256
0,006722117
-0,02467217
0,08175138
0,07154115
-0,03115002
-0,1104759
0,08600619
-0,05297353
0,07799026
0,04342871
0,02099191
-0,0005935798
0,03854749
0,06522529
0,005856319
-0,0164945
0,08219153
0,06308293
-0,06835978
-0,08306061
0,025306
0,04068702
0,006429521
-0,00622874
0,02312064
-0,05597914
0,04014306
0,0792926
-0,05393127
0,08519687
-0,07358834
-0,02983113
0,05276601
-0,01996865
0,04749674
-0,03354694
0,09656092
-0,04524585
-0,06993647
0,0753518
-0,009248445
0,1236562
0,004954069
0,02002255
-0,01827237
0,06967796
0,07161554
-0,05173638
0,01633586
9,575682E-05
0,02121098
0,07105163
-0,04967087
0,02260024
0,07662538
-1,48001E-05
-0,02595887
0,01749314
0,05409305
0,02832566
-0,05139088
0,006295406
0,05621322
0,08645383
-0,06967142
-0,003461843
0,06806251
-0,06525896
-0,08281733
0,008468971
0,001756317
-0,02585339
-0,04361726
-0,08488662
0,06285636
-0,01748099
-0,0715371
-0,05373751
-0,05165665
-0,02992799
-0,03035049
0,0371148
-0,0589376
0,07665604
0,01806177
0,03046045
0,03227901
0,07217429
-0,08334053
0,007972464
-0,07387885
0,05113633
0,08166934
0,06237575
0,07902589
0,04677615
-0,05391925
0,01782011
-0,07948617
0,01332039
0,008971112
0,08059254
0,03403368
-0,04893091
-0,04294224
-0,0327949
0,06959882
-0,02780478
0,08115799
-0,08472532
0,007169777
0,0636645
0,08402728
0,05787071
0,05234482
-0,02988606
0,005464953
-0,03653315
-0,02178608
-0,04862503
-0,003840151
-0,09990241
-0,01554831
0,1004017
-0,08372904
0,1849266
0,00753904
0,08951177
-0,07924743
-0,0121074
-0,002095052
-0,1654035
0,2721714
0,02296281
0,01421062
0,06830914
0,03456848
0,1611274
-0,2291735
0,3254426
-0,1293523
0,1365676
0,03488826
-0,02264656
0,2197917
-0,2514726
0,5545486
-0,1124703
0,1178075
0,08193917
-0,205442
0,2832432
-0,2689942
0,5639635
-0,1314328
0,04020647
0,1587316
-0,1311558
0,3000911
-0,3755516
0,5364659
-0,01549856
0,09414729
0,09676821
-0,1711493
0,1808298
-0,1810349
0,3917548
0,1064211
0,1087223
0,2570334
-0,1792875
0,2526566
-0,2567023
0,1556536
0,05969369
0,06658281
0,1944908
-0,1301104
0,1648216
-0,3023595
-0,003637939
0,05344054
0,08531056
0,1159812
-0,1366828
0,2742748
-0,3160693
-0,03496565
-0,008582653
0,06224018
0,1507613
-0,07231395
0,09473728
-0,2734574
0,09842239
0,0560423
0,01876868
0,1575961
0,01564212
-0,01028832
-0,2809629
0,2165172
-0,03918944
-0,1257792
0,1266135
-0,01654054
-0,0542828
-0,1975337
0,1280271
0,05206509
0,02832489
0,1981138
0,03402962
-0,04769344
-0,1445128
0,2059854
0,1137376
-0,06432018
0,02534636
-0,08185244
0,05733603
-0,0621578
0,1358434
-0,007946298
-0,01277091
-0,02941091
-0,01318868
0,07655043
-0,04077344
0,1226754
0,05010626
-0,01190493
-0,09125048
-0,06093108
-0,01452782
-0,1303109
-0,005364007
-0,02020576
-0,00196973
0,0657877
-0,06709795
0,003291679
-0,05377031
0,05047584
-0,05512346
-0,07296029
0,0325635
-0,02996823
0,121298
0,03745237
-0,018472
-0,04577857
-0,03554326
-0,0791781
-0,01253639
0,03851363
-0,0497372
0,05604527
-0,02784757
0,01096624
0,01891837
0,03952156
-0,05177002
-0,01661567
0,02800606
0,04069411
0,04454156
0,0112289
0,08071323
-0,08143217
-0,0004376906
-0,04896778
-0,06346021
-0,07988895
-0,0412533
-0,06265567
-0,02736335
-0,04738568
0,08580577
-0,008246569
0,04731537
-0,02544893
0,08165071
-0,05333918
-0,0751538
-0,002877848
0,004393866
0,00964536
-0,05661022
-0,08107515
-0,06362385
-0,005446966
0,01452363
-0,02641822
0,05605334
-0,0537178
0,06150531
0,06450679
0,04981551
-0,01847062
0,02686036
-0,06067181
0,05179675
0,05169838
0,08939052
-0,07783975
-0,08880552
-0,04932811
0,0355693
0,112633
0,02474874
-0,00626454
-0,1602094
0,1030159
-0,03185489
0,02823029
0,08010338
0,09855311
0,02604944
-0,2358147
0,2755833
-0,08496738
0,1533438
0,01333828
0,08129736
0,1646824
-0,3008503
0,4963363
-0,03049306
0,1924804
0,1648078
0,0286792
0,321439
-0,4652297
0,3585826
-0,1421103
0,1508922
0,1738308
0,1265475
0,301383
-0,4524555
0,4016946
-0,3053412
0,2760376
0,07384828
0,2412487
0,4961577
-0,6303496
0,3889625
-0,3894694
0,2108638
-0,02566277
0,2826446
0,754757
-0,705175
0,1817469
-0,1422515
0,1904383
-0,06883856
0,2497181
0,6674337
-0,8860199
0,3801566
-0,08701421
0,1361101
0,02427959
0,3333783
0,4110212
-0,7391645
0,1201053
-0,06726949
0,1884023
-0,02878415
0,2303637
0,2146306
-0,8698587
0,2400106
-0,05437336
0,1681054
-0,05862627
-0,01723085
0,1951548
-0,6396113
-0,02658779
0,01933349
0,06692998
-0,07710437
0,1273602
0,03775031
-0,3758557
0,03591541
-0,007013724
0,06439333
0,05503321
0,1848001
-0,07954001
-0,6067948
0,02636034
-0,08949962
0,009658246
0,03027033
0,197379
-0,1909425
-0,566118
0,007864151
-0,1110903
0,008194335
-0,09246969
0,1929099
-0,04293711
-0,3648492
-0,05272403
0,02867045
0,00542924
0,01369558
0,0103118
-0,06042978
-0,06095085
0,1464542
0,02197445
0,05180613
0,187182
0,02591403
-0,1981216
-0,02529779
0,08536116
0,1364636
-0,003680589
0,08349318
0,1284872
-0,1658506
-0,09271492
0,191318
0,02940245
-0,02713483
0,0413507
-0,002730687
-0,1414118
-0,01644975
0,0590476
-0,1246633
-0,03446541
-0,01640473
0,03245933
0,06890854
0,0006283898
0,04209093
0,00514283
-0,02035246
0,05297719
-0,0385963
0,06998334
-0,04811861
0,0581685
0,06920845
-0,07980368
0,03705337
0,06877811
-0,01622905
0,03486382
-0,02907193
0,08259305
0,01557667
-0,04686335
0,07188733
0,01805738
0,02866348
0,03641303
-0,06809045
0,08287831
0,06632615
-0,03076137
0,03299329
-0,07900883
-0,01762867
-0,03342062
0,03267347
-0,04405357
0,04226398
-0,0440194
-0,01152397
-0,01913585
0,04607012
-0,0143447
-0,09476241
0,04245246
-0,03141155
-0,01141788
-0,05483546
0,02719312
-0,02438847
-0,005176594
-0,0409418
0,01796105
-0,005552307
-0,002920072
-0,007682499
0,1056052
-0,006704883
0,005289692
0,06478851
-0,1304274
-0,07864004
0,006962789
0,1682304
-0,05967262
0,02667996
0,2900634
-0,1224012
-0,1926369
-0,06715749
0,09610012
-0,02046361
0,08786806
0,2695474
-0,2802509
-0,1255831
-0,142984
0,02982942
0,06758198
0,06200964
0,5008929
-0,4700209
0,03059135
-0,2086708
0,1012596
0,01054646
0,3015179
0,4854153
-0,5978827
-0,09547989
-0,2296934
0,08415809
0,02331678
0,4120599
0,628635
-0,403248
0,1204798
-0,3118977
0,1030069
-0,01099718
0,5633473
0,3828957
-0,3594544
0,1682184
-0,3720287
-0,06135668
0,1402865
0,4039825
0,3267828
-0,357452
0,0411455
-0,3420542
0,09234443
0,01394172
0,1776867
0,2925805
-0,2135068
0,1427915
-0,11966
0,09670009
0,01702343
0,3085576
0,3103957
-0,3465511
-0,00761921
0,03443523
-0,1027059
-0,213831
0,3565343
0,2254511
-0,2994168
0,1336667
-0,1598375
-0,1942109
-0,01724364
0,1094933
0,1464745
-0,4279711
-0,1435372
-0,1425385
-0,07339916
-0,02741476
0,1942854
0,05110489
-0,1550993
0,2176397
-0,06229503
0,04769525
-0,1365089
0,3374041
0,04586467
-0,3428805
-0,02881874
-0,05988987
0,07143687
-0,05927618
-0,04937369
-0,1125632
-0,3165276
-0,151112
-0,01345826
0,08239128
0,0753532
-0,2893073
-0,0713359
-0,2773174
-0,2026409
0,01174483
-0,128337
-0,0271143
0,03111303
-0,2648236
-0,1363732
-0,1456124
0,1589049
-0,1191328
0,005894003
-0,04868941
-0,360182
-0,03038102
-0,1412679
0,07078519
0,02699338
0,1311007
0,01522334
-0,6819296
-0,006329281
0,08345573
0,136669
0,09857884
-0,1396014
0,3937257
-0,4042803
0,2419333
-0,1305677
-0,0858796
-0,04305491
-0,1260845
0,2152145
-0,01691603
0,04434599
-0,1863033
-0,0337317
0,01482014
-0,07448674
-0,004952833
-0,04278471
0,0190972
-0,02161578
-0,09696914
0,0003631975
0,001228881
-0,01470247
0,0438281
-0,06534227
0,03022872
0,03884184
0,03575446
-0,01744493
-0,03832665
-0,03683176
0,01109397
-0,03331339
0,06409843
-0,07285956
-0,08221827
0,08475791
-0,0324212
0,04246435
-0,07346543
-0,05923169
-0,07525554
-0,04033452
-0,07342223
0,04030507
0,002715
0,04726465
0,05616094
-0,02002582
0,002044778
-0,009700749
0,05448979
0,001943568
-0,143161
-0,02214221
-0,03294278
-0,02735233
-0,0742987
0,02342457
-0,05504434
-0,1513719
0,06881899
0,1462571
-0,07577749
-0,07060828
0,0868113
0,01090297
-0,4803425
0,07606281
0,1787563
-0,01998019
-0,1669531
0,1037346
-0,1303333
-0,3018851
-0,1006303
0,1756132
0,04696553
-0,02619539
0,2403409
-0,2062693
-0,1251967
-0,1384594
0,03971358
-0,03808245
0,06063751
-0,0385933
-0,1520412
0,06574752
-0,4287233
0,07813603
0,1081888
0,002883713
-0,007344441
-0,04764614
-0,1427634
-0,4647612
0,1269543
0,05569068
0,1422173
0,04609432
-0,03746326
0,2605329
-0,3879724
0,07302982
0,1534279
0,3425576
0,07946656
0,2617189
-0,03551729
-0,2003925
-0,122455
0,2860755
0,167915
0,2131753
0,3570628
0,007695674
-0,05784047
-0,06804966
-0,02889651
0,2639688
0,4106804
0,3459834
0,03714206
-0,02375277
-0,04867861
0,2295151
0,1063776
0,1442762
-0,02688605
0,1021082
0,0304552
-0,1309041
0,1689539
0,06604958
0,3965151
0,04660043
0,06801251
-0,1740197
-0,03732351
0,06862812
0,1482709
0,1283404
-0,1775952
-0,02219575
-0,2090109
0,007265107
0,1445511
0,1301323
0,07730141
0,01023534
0,3205357
-0,1695452
-0,1496839
-0,07091641
-0,1310013
0,07224489
-0,02398958
0,1240673
-0,034959
-0,03196546
-0,05624218
-0,1765622
0,1189574
-0,2613806
0,1487715
-0,1476682
-0,1032618
-0,01609587
0,2378789
-0,1770532
-0,1759251
0,03578652
-0,02270114
-0,1696998
-0,2095626
-0,1699124
-0,06373312
-0,3539939
-0,06268352
-0,1573107
-0,2549788
-0,3293774
-0,1641216
-0,2309183
-0,1614554
-0,1634331
-0,1326118
-0,01084358
0,06362292
-0,1498299
-0,65137
-0,1490858
-0,07436082
0,1080857
0,03134491
0,01808544
0,2080719
-0,2596625
-0,02523051
-0,2417431
0,06651602
0,01657285
-0,1183648
0,3651687
-0,05524024
0,06531902
-0,1202949
-0,1149927
-0,128374
-0,03298146
0,05520549
0,02173016
-0,05932276
0,04859809
0,04743874
0,007079057
-0,04064842
0,02085687
-0,03312332
-0,01657797
0,0002229986
0,01976287
-0,008071309
-0,08112863
-0,04543464
0,01626467
-0,0589099
-0,07019029
0,06791398
0,07364937
-0,08701251
-0,02933501
0,07088833
-0,06759332
-0,07784081
-0,06530612
0,02223354
0,03224643
-0,08984817
0,05455682
-0,04130411
-0,006825969
-0,05468377
0,01338293
-0,0688867
-0,07523935
0,02073093
0,1566725
-0,1514379
0,05008607
-0,02218246
-0,0676152
-0,121671
0,1000812
0,1799035
-0,2071177
0,005590132
0,1529361
-0,1512754
-0,03932166
-0,1374347
0,1612016
-0,340538
0,0262871
0,06947196
-0,3131843
-0,2566281
-0,07061137
0,1640068
-0,3739296
-0,1698886
0,1780899
-0,1437945
-0,4608966
-0,1593454
-0,1285813
-0,06962571
-0,3199832
0,1508423
-0,2765003
-0,1707759
-0,2477764
0,09249762
-0,006176585
-0,4615849
0,1560321
-0,01608187
0,03428126
0,05507275
0,1893926
-0,3389194
-0,4175142
0,1280821
-0,1088786
0,03989767
0,1948003
0,3029537
-0,1743362
-0,1178311
0,04791513
-0,09347403
0,1702406
0,1641361
0,358844
0,01510857
-0,03007504
0,004087661
0,1088638
0,2807899
0,4021492
0,2302311
0,1469519
0,09948714
-0,1411208
0,04909619
0,4171011
0,2319709
0,4202742
-0,04629155
-0,1141249
0,1043496
-0,05617053
0,3654227
0,3694882
0,4947376
0,1358511
0,2276583
-0,0507221
0,1490622
0,293558
0,4506985
0,4183974
0,07982512
0,09556509
-0,08494388
-0,1020725
0,3258917
0,4131285
0,3554243
0,06666113
-0,0631158
-0,1491871
0,04834794
0,2316039
0,237888
0,4699869
0,03793574
-0,03524111
-0,0561838
-0,229554
0,1735128
0,388979
0,2043467
-0,09227391
-0,02043035
0,006370736
0,1942093
0,1483452
-0,08630224
0,05529589
-0,06615932
-0,0838292
-0,1552094
-0,1192561
0,1517988
-0,06099481
-0,0001081256
-0,02784567
0,06093324
-0,07930986
-0,2233983
-0,1499819
-0,02511299
0,04936244
0,03686757
-0,02289497
-0,02459632
-0,2069354
-0,04620568
-0,2679411
-0,1251749
0,1263095
0,05053203
-0,01048084
0,2502806
0,2019854
-0,4116469
-0,1787342
-0,169046
-0,09903902
0,08739214
0,05279094
0,6473469
-0,3459164
-0,2156189
-0,1727773
-0,06471875
0,008593432
-0,01423617
0,4859735
-0,09967359
-0,1451675
-0,1763409
-0,1274306
-0,06960773
-0,0354717
0,14475
0,02014451
-0,06792425
-0,1160521
-0,00168548
-0,1109005
0,06913662
-0,03838258
-0,006999552
-0,0555039
-0,003060361
0,004625417
-0,05038926
0,04392533
0,0397967
0,0503833
-0,0295534
0,06520113
0,05236735
-0,0446418
0,03842817
0,008059718
0,03944538
-0,02413665
-0,04697869
-0,1045083
0,09803004
0,007273384
0,00188671
0,06730341
0,03930853
-0,06206537
-0,05987107
0,01442205
-0,1476377
-0,1417283
0,139805
0,2831154
-0,09884217
0,08924013
0,0463984
-0,09526428
-0,2441037
0,2180287
0,137472
-0,2745657
-0,0008228611
0,1770093
-0,2510704
-0,08487158
-0,128684
-0,1516089
-0,4009403
-0,0538745
0,1993087
-0,3867879
-0,3990036
-0,1670972
-0,07612614
-0,1510076
-0,1588218
0,1651307
-0,2103015
-0,3522586
-0,3220733
-0,00333838
-0,02559629
-0,352791
0,1534234
-0,05759501
0,08973829
-0,1114317
-0,05757131
-0,01203812
-0,3339965
0,02717512
-0,09575401
-0,04616537
-0,02460285
0,1331094
0,1626503
-0,1627354
0,04719943
-0,1628685
0,1135779
0,07527474
0,1327661
0,1594991
0,03373272
0,01059259
-0,1244753
0,05261996
0,003949836
0,2119658
0,06284541
0,01932207
0,1511184
-0,1510446
0,1675982
0,2442786
0,4194132
0,03715082
0,4157565
0,1162061
0,1350631
0,302094
0,4373651
0,6435637
0,05814801
-0,000490182
0,04644066
0,13166
0,4356849
0,2554894
0,2781003
0,09816099
-0,01075991
0,04054324
0,1819953
0,4452938
0,5382814
0,5394048
-0,005562922
-0,1671123
0,01636098
0,1404994
0,2360462
0,1942564
0,5270376
-0,09000861
0,00731384
-0,06946078
-0,1223195
0,2445538
-0,03533887
0,5034931
0,001338357
-0,02755199
0,03539745
-0,06102356
0,2751542
0,06342227
0,2950874
0,06731541
-0,1466091
-0,07965819
-0,1064553
0,0454714
-0,01243348
0,1835431
-0,09345555
-0,0639099
-0,1245966
-0,2145214
0,02565532
0,02693688
0,3134903
-0,21604
0,03545162
0,006474137
0,03453634
0,05780525
-0,08818814
0,1672634
0,009351596
0,04047801
-0,1486153
0,09800129
0,06691507
0,04677345
-0,05564798
-0,04652453
0,1034233
-0,05429043
0,03222737
0,2762356
-0,2565213
0,1951063
0,167481
0,1614901
0,001191603
0,2009242
0,5413243
-0,3304268
0,1458734
0,1080315
-0,2528748
0,04139751
-0,001416813
0,7245884
-0,2511166
0,01334109
-0,208408
0,0423873
-0,0609458
0,04177935
0,170912
-0,1190659
0,05128438
-0,0789635
0,04143486
0,06988607
-0,01674812
0,08643679
0,005099596
0,09154856
0,03708486
0,08374096
-0,09034963
-0,02900639
0,06775992
-0,006757257
-0,01308554
0,0931363
0,01577256
0,05980688
-0,08561402
-0,07868673
-0,05436559
-0,05959559
-0,005620726
0,05235667
-0,05284435
-0,0226664
-0,03287232
0,06768396
0,2323378
-0,03024197
0,05576948
0,09538105
-0,1915221
-0,1404557
0,1806534
0,2941635
-0,11491
0,08817677
0,1484059
0,01710738
-0,2006131
0,394008
0,07498785
-0,499069
0,08623692
0,2429208
0,006533387
-0,0338382
0,0003741281
-0,02271171
-0,3596786
0,06543829
0,09784737
-0,115618
-0,1283691
-0,004504081
-0,09875157
-0,1811648
-0,1433301
-0,1152845
-0,1308215
-0,2908997
0,100803
-0,01194479
-0,09553038
-0,1001977
-0,02233777
-0,1622068
-0,0552485
0,06677503
0,3844776
0,04475286
-0,05032255
-0,05588122
0,07758396
-0,02740218
-0,01136455
0,2773178
0,2233041
-0,02367338
0,00498406
-0,1200877
0,1546876
0,1753433
0,04266007
-0,06501859
-0,1790755
-0,1780006
-0,04141943
0,01564465
0,04799109
0,1635143
0,1102394
0,1393262
0,01473574
-0,1876782
0,142145
0,3771638
0,2045842
0,2064383
0,3105904
-0,05511949
0,1942973
0,3823589
0,5146987
0,3335379
0,1289678
0,3565211
-0,006787638
-0,08778241
0,4387948
0,4190774
0,5765874
0,1067253
0,4235348
0,187294
0,1627922
0,1268971
0,3718659
0,4040897
0,04366915
0,08016045
-0,012016
-0,2498114
0,2778101
0,5672295
0,3779731
0,3320409
-0,06186559
-0,1747628
-0,06694601
0,01267657
0,3704889
-0,04441204
-0,008278156
0,3201208
0,01266131
-0,1179874
0,208555
0,2688222
0,3669099
-0,1411264
0,07017777
-0,0943388
-0,02870181
0,3020019
0,2779843
0,04670743
-0,08178002
0,04513179
-0,2196119
-0,2578179
0,3636772
0,1334295
0,08865532
0,1185584
-0,07832559
0,01957645
-0,008440276
0,2540728
-0,002029297
0,2748755
-0,02622099
0,1159972
-0,09729099
-0,1396839
0,3136098
0,5317431
0,1606575
0,1328821
0,07866035
-0,05276694
-0,08370988
0,3620213
-0,08599482
0,489443
0,3949866
-0,009872815
-0,08467123
0,06208688
0,8052438
-0,3971575
0,2113751
0,2648788
-0,04857845
-0,05320941
0,1234196
0,8489447
-0,2436499
0,0399646
-0,3071347
-0,05412235
-0,1654061
-0,06071734
0,3607292
-0,07656714
-0,04080667
-0,1899968
0,1226353
-0,006628452
0,06652597
-0,0290282
-0,004489566
-0,07773265
0,03789326
-0,04739945
-0,04459836
-0,01657267
-0,03572099
-0,07475997
0,04492026
-0,07339232
-0,0405877
-0,06055626
0,02101302
-0,0162615
-0,02923421
0,04105854
0,04522697
0,006199372
-0,04711014
-0,07375868
-0,0978634
0,1186453
0,2086636
-0,02663399
-0,04630284
-0,006202511
-0,1594017
-0,06651072
0,3236838
0,3042044
0,01756515
0,006673929
0,1142933
-0,2119348
-0,1738975
0,3378459
0,04586725
-0,3421562
0,001689518
0,06078558
-0,2107047
-0,2912835
0,2074158
0,01834291
-0,2993494
0,03432934
-0,2284631
-0,06881579
0,0509265
0,1391049
0,08972787
-0,1498947
-0,09417952
-0,51237
-0,1736319
-0,115172
0,2649132
-0,05734064
-0,2406088
-0,07143874
-0,01991553
-0,1929194
0,07492957
0,227557
0,1422432
-0,1118067
-0,1749261
-0,3590145
-0,08710399
-0,1144093
0,1609418
0,136701
-0,1366251
-0,4485165
-0,3602463
-0,09635869
-0,06943756
0,04347007
0,1692234
-0,01192431
-0,3278232
-0,3893165
-0,161063
-0,07732087
-0,2092984
0,068482
-0,1125602
0,01896506
-0,5615627
-0,06093515
-0,1486463
0,2148543
0,2773212
-0,0558818
0,1956334
-0,3751676
0,03031763
0,1695663
0,5795979
0,4785853
0,276833
0,510873
-0,09656563
-0,1183386
0,09511738
0,6643404
0,3757168
0,1168768
0,5856022
0,00274503
-0,2418403
-0,07425912
0,3581407
0,1062024
-0,4193693
0,2876061
0,1116664
-0,2054312
-0,1365788
0,07532497
-0,003598403
-0,1743467
-0,1495828
-0,007453139
-0,04327803
0,01468116
0,1634377
0,3659306
-0,1844398
-0,0245994
-0,1144522
-0,01861238
-0,09255826
0,08150114
0,297677
-0,07153886
0,1598548
0,09134904
-0,07428436
0,05226566
0,09551676
0,3100444
-0,02727223
0,1335796
0,0638627
0,146444
0,1890978
0,2460745
0,2929057
0,0875667
-0,05255055
-0,08162864
0,1067727
0,405416
-0,06533384
0,1986358
-0,02049591
0,2719427
0,03873444
0,1794184
0,4605199
0,4579356
0,2394772
-0,2413314
0,07395773
-0,02671193
0,2506618
0,406229
0,1346006
0,4710402
0,3578399
0,01126205
-0,0828075
-0,23927
0,9198931
-0,1774067
0,2680627
0,4823586
0,08652338
-0,08976971
-0,1669716
1,10938
-0,1192092
0,01273291
-0,3323022
0,04249881
-0,1845949
-0,1029927
0,4590383
-0,06593221
-0,07634714
-0,1161418
0,07932268
-0,03040781
-0,01393226
-0,06452051
-0,03416587
0,07659189
-0,04616853
-0,007268525
0,03390315
-0,01756173
0,02601312
-0,01338861
-0,04874275
-0,05296471
0,03167434
-0,06740582
-0,07003377
-0,097527
-0,06586876
0,07388142
0,01560338
0,05082058
0,08354204
-0,1460913
-0,04349148
0,109893
0,1792806
0,001632466
0,04161568
0,09507458
-0,3368916
-0,07854456
0,1531342
0,2222057
-0,05747952
-0,04858374
0,0859836
-0,3237331
-0,08233293
0,116272
-0,0003021621
-0,404027
-0,05191867
-0,186419
-0,3009907
-0,2245005
0,09799143
-0,156333
-0,1414246
-0,1435949
-0,3869297
-0,0065189
-0,246497
0,3043644
-0,09072763
-0,07890515
-0,1595083
-0,7477546
-0,03048135
0,04055028
-0,07259329
-0,08344396
-0,1171864
-0,312904
-0,825201
0,1101074
-0,1097499
-0,1099951
-0,1013961
-0,03535476
-0,2667971
-0,7423783
-0,2314019
-0,1613854
-0,5253667
0,0700174
0,09775036
-0,3593206
-0,833663
-0,09934354
-0,2288678
-0,2152801
-0,02183461
0,01221614
-0,348849
-0,5485228
-0,2368731
-0,2630399
-0,3657646
-0,149092
0,1018652
-0,1525265
-0,5107926
0,07045341
0,2033272
-0,2561813
0,1060455
0,1002079
0,0005425211
-0,3879203
-0,1811291
0,5875864
0,1156063
0,4020106
0,08767559
0,3538169
0,2127063
-0,3436915
0,3629963
0,5435104
0,1020027
0,2678969
0,4407673
-0,01544017
-0,6141599
-0,4331467
-0,05087259
-0,02995094
-0,3120518
0,1604856
-0,2732508
-0,7614247
-0,3602948
0,04996691
0,05981873
-0,2340622
-0,1325985
-0,2088994
-0,2369211
-0,3236071
0,1284822
-0,02139277
0,03479377
-0,1861055
-0,06308018
0,04712939
0,01757942
0,2581428
0,1346445
0,02870013
-0,1232327
-0,06392767
0,1117287
-0,04049325
0,2677244
0,1117702
-0,1452117
-0,02989489
-0,08412823
-0,1672584
0,1042844
0,1835126
0,3516663
0,05953254
-0,03091421
-0,03635884
-0,09070672
0,1817182
0,2135175
0,2995966
0,03375438
0,0493867
0,04733401
0,04115208
0,2692826
0,3645566
0,3072548
0,06680582
0,2582579
0,03123639
-0,1036289
0,660344
0,5635781
0,1878606
0,2244512
0,2088079
-0,2166773
-0,4133877
1,087556
-0,0998945
-0,008092709
0,5472808
0,3606334
-0,2152442
-0,2994383
1,154352
-0,183142
-0,1055082
-0,2670765
0,372118
-0,09771877
-0,09312627
0,5202798
-0,1139115
-0,05446982
-0,1181853
0,1199029
0,02174811
-0,01975509
0,02683966
-0,0291128
-0,05442155
-0,09848541
-0,0475465
0,05556078
-0,02425211
0,0159314
0,004142554
0,08278447
-0,0426871
-0,05511256
-0,04626421
-0,01304519
-0,009674889
0,08726772
-0,004916369
0,03452398
0,03599467
-0,006270359
-0,1356786
-0,267169
-0,01879092
0,1732734
0,001145776
-0,001224457
0,1096375
-0,4077952
-0,2498971
0,04974176
0,04534282
-0,04915666
0,02239193
-0,045648
-0,2948141
-0,01933649
-0,04528037
-0,110019
-0,4316191
-0,07230949
-0,2887278
0,1224343
-0,1667428
-0,2146388
-0,1093248
-0,3207785
-0,218315
-0,4590079
-0,05121887
0,02749253
-0,08247998
-0,01880385
0,08913864
-0,3256619
-0,6608587
-0,1231202
-0,1764808
-0,1952529
0,1600947
-0,02669614
-0,4113477
-0,5850421
0,003341728
-0,1005469
-0,2815515
0,09268338
-0,05647082
-0,3075927
-0,5327134
-0,00545475
-0,3912609
-0,3718382
-0,03990321
-0,1185381
-0,3295053
-0,4204206
-0,01561367
-0,1427336
-0,584527
0,2503903
-0,1621075
-0,1738617
-0,1472495
-0,004569472
0,07525956
-0,1845019
0,2901477
0,003449008
-0,1032779
0,001261132
0,2865497
0,1358975
-0,4194769
0,1155137
-0,3257547
0,2545534
0,29063
-0,04624976
0,7761024
-0,1199228
0,4563244
0,2562334
0,3095331
0,3855993
-0,1962882
0,2567801
-0,02436899
0,1451984
-0,04550926
0,3320429
0,02458169
-0,2282632
-0,365914
-0,3818179
0,05395851
-0,763768
0,09761983
-0,1776438
-0,06722362
-0,4532661
-0,4150945
-0,1286142
-0,5412816
-0,2635078
-0,1095534
-0,2617806
-0,1365024
-0,222396
0,2254026
-0,3670657
-0,333579
0,009756363
-0,1213976
-0,06924468
-0,02195887
0,2066663
-0,3529245
-0,2182816
0,01332492
0,08629788
-0,2394936
0,008126805
0,05599188
0,06759625
-0,1666348
0,06527216
0,01053642
-0,1175169
0,3796284
0,4705081
-0,131087
-0,2399158
-0,005822301
0,06256008
-0,2995515
0,1549769
0,3332921
0,4076256
0,09576361
-0,137033
0,116858
-0,1050651
0,4224621
0,5123664
-0,1720727
0,08954726
-0,1140829
0,2158858
0,3322617
0,4510663
-0,08184836
0,2827136
0,2744413
-0,2665727
-0,06633401
0,7344856
0,2550193
-0,210207
0,3536125
0,1436467
-0,3157364
-0,2184978
0,9407694
-0,08512956
-0,1028691
-0,2143602
0,1162602
-0,2483227
-0,1044775
0,4083578
0,03756468
-0,05082874
-0,1514256
0,1307689
-0,05254859
0,07104282
-0,007467479
0,01317414
-0,05089032
0,02358858
0,05084325
-0,05452757
0,01375777
0,01481984
0,08207053
-0,03245953
-0,04792963
0,07829847
-0,0533057
-0,08008689
0,02072438
0,02178377
0,04347232
0,0400696
0,007252892
-0,03647254
-0,09670694
-0,2210099
0,045834
0,1356549
0,07036086
0,01563218
-0,06220851
-0,1364237
-0,1676837
-0,0880564
0,1712675
-0,07806592
-0,01512159
-0,03804873
-0,1491447
-0,03287484
-0,3525657
0,1424393
-0,2909136
0,02910985
-0,2688461
-0,1774096
-0,07740641
-0,572667
-0,05166213
-0,2665748
-0,1402592
-0,3155768
-0,00502957
-0,07259892
-0,4935136
-0,03519979
0,05745342
-0,2950818
-0,2956697
0,08490318
-0,2567902
-0,337096
0,1959597
-0,1355692
-0,2824711
0,07736371
-0,1218378
-0,1917466
-0,3462337
0,1095273
-0,01771953
-0,2205151
0,1266412
0,05592074
-0,1528635
-0,1998095
0,0196028
0,03052053
-0,2339586
0,1041122
0,01155657
0,2317215
-0,3594583
-0,007245144
-0,03269707
-0,02009972
0,2721418
0,2567152
0,4076034
-0,3785231
0,3651147
0,1925186
0,2919837
0,4116592
0,5280465
0,4477127
-0,1119183
0,05645762
0,1054511
0,3818654
0,5675396
0,4824031
0,7979076
0,1016123
0,001123168
0,3376655
0,4521791
0,4412274
0,1027644
0,3484962
0,5753043
-0,2301204
-0,1951971
0,3973943
-0,0003378684
-0,06560725
0,01785218
-0,1259981
0,1642728
-0,3615274
0,1607148
-0,1733529
-0,137071
-0,3152312
-0,2753185
-0,06501092
-0,4209097
-0,2702927
0,1366671
-0,01500252
-0,2157944
-0,1449673
0,1904988
-0,04541201
-0,1065243
-0,09342232
-0,06289318
-0,1030557
-0,03410727
0,1838814
-0,1377997
-0,2955099
-0,06041583
0,2085833
-0,08026078
0,2149291
0,3878934
0,01450396
-0,3664082
-0,1185659
0,3471286
0,08044445
0,2406229
0,2728969
0,07278892
-0,1656422
-0,1186186
0,4823996
-0,2169614
0,3057705
0,213136
0,1958219
-0,1954803
-0,08256771
0,3610767
-0,3708763
0,1921743
0,3442773
0,1342802
-0,3004421
-0,2368456
0,6205397
-0,472845
0,1833616
0,03578776
0,3304313
-0,09987015
-0,2903638
0,3767308
-0,3141729
0,3405186
-0,4665484
0,5105047
-0,1525541
-0,1816187
-0,09962321
0,3167449
0,3081774
-0,1213708
-0,2985601
-0,2762757
-0,07659248
-0,1115855
0,3121757
0,2311489
-0,01058791
-0,1805162
-0,1097893
-0,1294602
-0,03695696
-0,05271421
0,01721278
0,06331006
-0,006581066
0,01247731
-0,04007311
0,04263363
0,03188017
0,04309543
0,0297925
-0,04191694
-0,006986866
-0,06190775
0,02445303
0,01707177
0,01964749
0,08470843
-0,05582756
0,01128181
-0,08584501
-0,01677331
-0,04238943
-0,005804604
0,05006881
0,05704092
0,07764395
-0,01635598
-0,08401708
-0,02146526
-0,02459923
-0,02539732
-0,01193072
0,03397726
0,06321727
-0,07306814
-0,05085529
-0,6160114
0,4270311
-0,1615263
-0,07919937
-0,008803192
-0,1540873
-0,0152278
-0,6484026
0,2793003
-0,1999399
-0,203821
-0,07155971
-0,02957061
-0,1037621
-0,3905303
0,001245162
0,09712727
-0,233002
0,2221676
0,004528141
0,262376
-0,2651513
0,2692194
0,2133754
-0,2575421
0,16697
0,1241909
0,1818652
-0,2704701
0,2470608
-0,06334352
0,006544823
0,2959962
0,243532
0,2085396
-0,2853584
0,1935307
0,1245914
0,1261048
0,2732216
0,1583638
0,2947358
-0,374972
0,4866833
0,3575355
-0,03115363
0,6519387
0,4935964
0,6203957
-0,1363472
0,5155037
0,2257821
0,04127622
0,5358521
0,4029331
0,8854697
-0,02317034
0,1992964
0,2459993
0,2849818
0,4334034
0,4896439
0,6557621
0,4087552
-0,04638816
0,05852709
0,169479
0,1899871
0,184828
0,2621063
0,3501457
0,07116031
-0,09541054
0,362404
0,02608898
0,3040587
-0,07396253
-0,08909709
0,1553161
-0,1874099
0,2618912
-0,1391689
0,1662225
-0,1426743
0,2143785
0,1762203
-0,2531295
-0,04756544
-0,04766634
0,1730657
-0,1188876
-0,08075477
0,1496866
-0,2364907
0,09104031
0,04376715
0,07452635
0,04862326
-0,05471077
0,1909212
-0,03571613
-0,1739022
0,04579642
0,3476264
0,1762584
0,09415801
0,08880711
0,02096663
-0,07348707
-0,00929772
0,2276956
0,2027687
0,05910406
0,3197617
-0,1003735
-0,07129234
-0,1115435
0,2001441
-0,04075877
0,03216754
0,2251177
-0,1029781
-0,2192458
0,1211163
0,1943898
-0,241884
-0,2331268
0,3017881
0,1768633
-0,4117151
-0,1183328
0,1627395
-0,5420891
0,00658854
-0,06952882
0,6893606
-0,454524
-0,1230189
0,03461237
-0,5005344
0,3075186
-0,2382918
0,5493845
-0,5204566
-0,06116817
-0,05496451
-0,1021923
0,3065961
-0,06787208
-0,1246333
-0,2637282
0,05297582
-0,008821833
0,01747755
0,183602
0,009950295
-0,1516786
-0,04636721
-0,1117081
-0,03122391
0,06881086
0,04643784
-0,05670942
-0,06620297
0,08202334
-0,005753108
-0,02782165
-0,01481535
-0,0498937
0,05675424
0,004730222
-0,01656163
-0,02411208
0,04032956
0,03331364
-0,06309828
0,05781532
-0,07888228
-0,0740874
0,05811657
-0,09322396
-0,1096803
0,04748229
0,0751008
0,0127982
3,907922E-05
0,002803407
0,04805986
-0,01518799
-0,08041569
-0,006725183
-0,04017156
-0,05253664
0,03704344
0,3144063
-0,1906732
-0,3130171
0,3173145
-0,235277
0,001766621
0,1320311
-0,07476121
0,01616463
-0,466897
0,08691668
0,1572084
-0,1002647
0,2191961
0,19752
0,06359582
-0,09413423
0,2254475
0,2705503
-0,3152139
0,2645939
0,2303459
0,05925366
-0,1108315
0,4481798
0,4319071
-0,2289657
0,387404
0,3055994
0,3296843
-0,2403547
0,3980916
0,3128022
0,01159144
0,5517122
0,208978
0,3462926
-0,07528607
0,2525961
0,2719055
0,1726844
0,4926127
0,3245254
0,6359351
-0,07477505
0,4035819
0,1759896
0,1634221
0,400582
0,7483359
0,3692144
0,1637987
0,156605
0,427053
-0,1215822
0,2614425
0,3693697
0,4831679
0,2287754
-0,05788314
-0,02942168
0,1696483
0,1995852
0,4975764
0,4898302
0,3571475
0,1399117
0,2213207
0,09923542
0,01950166
0,3960589
0,4912699
0,4209818
-0,07260039
-0,1420354
0,4288788
-0,05902292
0,1997303
0,1637193
0,04053868
0,2398955
0,01393537
0,2237446
0,144835
0,2831599
-0,06458177
-0,01479942
0,07033735
-0,1626706
-0,08635539
0,06805149
0,1693011
0,0616922
-0,08250001
0,2835866
-0,1194202
-0,2496054
0,03372489
0,06190838
-0,06062065
0,1463127
0,2233107
-0,07012944
0,04965669
0,0088563
0,07800402
-0,3431264
-0,09905174
0,2619065
-0,1705851
0,1741129
0,1441711
-0,1368438
-0,04373126
-0,1559173
0,2312586
-0,08669493
0,1807633
0,08168716
-0,2759713
-0,06611883
-0,009706332
-0,300397
-0,02074056
-0,2328356
0,2889405
-0,1711853
-0,4354435
-0,2759317
-0,01747507
0,08194709
-0,6080952
0,259268
-0,2628771
-0,3328082
-0,2298456
0,05120709
0,3462783
-0,6152685
0,1852962
-0,05116931
-0,07704797
-0,008381529
-0,2546607
0,4191734
-0,4877733
0,009761463
0,1115294
-0,08041452
0,07913837
0,009244293
-0,06958263
-0,2475481
0,00767143
-0,003649873
-0,05377927
0,2493457
-0,02013197
-0,1071099
-0,0905112
0,01134802
-0,0628745
-0,06279977
0,03969426
-0,05338083
-0,04226511
0,07480726
0,0415274
-0,03533212
0,03269114
-0,02679296
0,04235177
0,03053937
-0,07474414
-0,07332598
-0,03137998
-0,05958831
0,008182942
0,03129171
-0,01144259
-0,05151738
0,08124287
0,03242155
-0,002731597
0,05925656
0,01927502
0,05122901
-0,007399048
0,03594552
0,1705738
-0,09996086
0,0424815
-0,07683706
-0,1426223
-0,04295926
-0,01757227
0,1460923
-0,1700889
0,1319098
0,1054917
-0,1469717
-0,04106542
0,1648035
0,2471724
-0,2441842
0,1964234
0,1088186
0,09033442
-0,1577991
0,04475684
0,2973193
0,205518
-0,06958833
0,198139
0,02158812
-0,1834947
0,1162722
0,2060261
0,1511029
-0,1749091
0,2704387
0,2662467
-0,2680496
0,2836171
0,3599437
0,1790749
0,02881346
0,2277108
0,2772725
0,03571255
0,2311763
0,3875567
0,1841386
-0,06298751
0,1796069
0,3120472
0,09033252
0,1877565
0,1544467
0,185172
-0,02152945
0,4073028
0,3851124
0,06229744
0,2790155
0,3006981
0,250091
0,06014995
0,3656687
0,1024739
0,08526377
0,164725
0,2629937
0,3111095
-0,05838081
-0,2178011
0,2783145
0,1281914
0,2158609
0,3027503
0,2553109
0,2191749
-0,09385253
-0,06186108
-0,04216856
0,001618218
0,4866548
0,2432638
0,5138313
-0,3593912
-0,006882858
0,8629689
0,1052446
0,08191094
0,01724799
0,2655379
0,3184341
-0,06599174
0,09025515
-0,01951045
0,3577281
0,134739
-0,1833527
-0,04290566
-0,2613199
0,0208567
0,2055223
0,07626513
-0,202958
-0,2974014
0,5182949
-0,07163879
-0,2012189
0,2079006
-0,08111079
0,2364258
-0,2060484
0,114742
-0,04946478
0,04870858
0,1861269
-0,09034234
-0,2829132
-0,2862031
-0,1047102
-0,4804285
-0,04758442
0,2054714
-0,4463198
-0,1358439
-0,2871416
0,1162733
-0,1239614
0,03399674
0,3394703
-0,345953
-0,1418209
-0,2936315
-0,158995
0,08248289
-0,2117631
0,2706979
-0,2309396
-0,215284
-0,3107573
0,1401735
-0,2821116
-0,5238528
0,4858964
-0,3051014
0,05264794
-0,2462167
0,001935293
0,2089502
-0,4862476
0,2776049
-0,3108487
0,2315014
0,2439454
-0,3330116
0,2151284
-0,3002696
0,02976273
0,2133208
-0,2367253
0,2084094
-0,2595053
0,01196516
-0,2908074
-0,00994977
0,1460481
0,006986847
0,3117563
-0,02230074
-0,3253934
-0,1499979
0,01469101
0,06496874
0,0005042999
0,03560118
-0,09981351
-0,04225079
0,02494921
0,06613544
-0,01483496
-0,08267105
-0,08390774
-0,0350068
-0,07405965
-0,06778502
0,03174109
0,01971032
-0,0716295
0,08593421
-0,006350015
-0,0592762
-0,08562227
0,06339254
-0,07563484
-0,0392766
0,06153744
0,01952177
-0,06220391
-0,06933907
0,02020409
0,05149477
0,1492655
0,1373826
-0,1545198
-0,05205016
-0,05624487
0,01227261
-0,1710343
-0,0210439
0,2261875
-0,08303294
-0,0604824
0,03592942
0,1773348
0,07023158
-0,1261691
0,1017204
-0,06788828
0,08834291
-0,001754306
0,06811063
0,3373454
-0,1595916
0,2712371
-0,009395327
0,08271732
-0,1507936
0,05670089
0,1877798
-0,2268713
-0,1849142
0,2723142
0,1317162
-0,4449547
0,2456629
0,1830671
-0,2975248
-0,02540567
0,3735633
0,2725027
-0,4127737
-0,04019712
0,1538773
-0,2552083
0,1791271
-0,1032876
0,1983925
-0,1125898
0,03496976
0,29663
0,1763207
0,5054415
-0,003062046
0,0914655
0,04056365
-0,06801276
0,4474223
0,07905696
0,4011573
-0,1409481
0,2668217
0,2068847
0,1158455
0,4642948
0,3855019
0,1289975
0,1727118
0,05910483
-0,2548533
0,1348784
0,3032763
0,2843859
0,1989911
-0,179533
-0,1076301
0,3631206
-0,1317122
0,3930003
0,057139
0,2064615
-0,3561598
0,02671531
0,4379968
0,1568459
0,1381539
-0,1188755
-0,2722237
0,05057715
0,04619728
-0,1349762
0,0826212
0,323772
-0,2233198
0,1380499
0,06109007
-0,2263134
-0,1142121
0,09509414
0,1407304
0,06055301
0,01646504
0,4939742
-0,03399161
-0,09590555
0,2025778
0,02060206
-0,03633647
0,1539963
-0,05401487
-0,157398
0,1358152
0,3066738
-0,3559794
-0,2198423
-0,1786506
-0,08903614
-0,04817753
0,03145126
0,4157017
-0,1796174
-0,2380703
-0,6441748
-0,02320896
-0,2031013
0,03603385
0,3712789
-0,1438743
-0,2579478
-0,3018235
-0,08018171
0,009009074
-0,372406
0,3111728
-0,1091056
-0,1205022
-0,1310907
-0,02924674
-0,3049664
-0,6358138
0,3948675
-0,08412308
0,1690307
-0,1949115
-0,1073285
0,02117432
-0,6100568
0,1307773
-0,0581964
0,1244033
0,3454022
-0,4723837
0,04469711
-0,3501675
0,1639033
0,4485378
-0,2350234
0,7666478
-0,3027601
-0,2033157
-0,4060907
0,1035955
0,08129313
-0,1450259
0,4879691
-0,0523747
-0,2428322
-0,2190129
0,04806625
-0,0001192217
0,001686511
0,1470902
-0,08813293
-0,09889056
-0,06890371
-0,052338
0,05072589
-0,05099321
0,03799876
0,08561441
0,0612741
-0,009089282
0,03447455
-0,08858777
0,02707651
0,05677165
-0,006063628
-0,06611417
-0,05745804
0,07973658
-0,07606303
0,04049508
0,001841946
-0,003173244
-0,001621132
-0,1150599
0,001603549
-0,05148888
0,2080401
0,1494932
-0,2757376
-0,08266521
-0,1382817
0,1025684
-0,09191278
0,1851401
0,1592857
-0,1385385
-0,1359792
0,08667391
0,1541877
0,006808684
0,1311828
0,01732164
-0,04961959
0,2914721
0,1138202
-0,06946518
-0,09980872
0,187822
-0,01050824
-0,2101199
0,1491953
-0,04950587
-0,0162211
0,08153653
-0,3043602
-0,2012237
-0,04977195
0,05762396
-0,2273639
0,04682088
0,245041
-0,1901979
0,1736333
0,05254699
0,02139657
-0,1719771
-0,1652968
0,2163013
-0,2795626
0,1876482
0,1710117
0,1532072
0,1031033
-0,2591848
0,3167068
-0,1518116
0,132629
0,01860149
0,5132136
0,4183743
-0,03544481
0,5005751
0,1142327
0,293734
0,01815137
0,4473096
0,1379226
-0,001999182
0,355429
-0,1194852
0,2943208
0,09948944
-0,03713203
-0,04006971
-0,04541153
0,1892939
-0,2185225
0,2313146
-0,06853443
-0,09445193
0,3029985
-0,1881289
0,1970656
-0,3694976
-0,02242048
-0,1736642
-0,105243
0,09663581
0,1173599
0,1528948
-0,2729829
-0,2163911
0,08094887
-0,3262138
-0,1284043
0,09012154
0,15973
0,06579466
-0,05445994
0,002756156
0,07659955
-0,1013641
0,2531161
-0,02678046
0,2271408
-0,1372857
0,1440168
0,1342624
-0,2157726
0,261254
-0,03537701
-0,005724279
-0,3550143
0,06630959
-0,01493975
0,06118719
0,1868281
-0,3420829
0,06403367
-0,3303336
-0,4265445
-0,06526574
-0,1475188
0,1518045
-0,2171312
-0,1767605
-0,3710482
-0,06703983
0,08383299
-0,1057326
0,09124229
-0,01928535
-0,08040837
-0,1496979
-0,1133215
-0,04859441
-0,389249
0,144998
-0,1546202
-0,1944723
-0,04436329
0,06590576
0,004756656
-0,4636348
0,1663794
-0,1351556
0,1745656
-0,2444539
-0,1884227
0,1188977
-0,5145218
0,0147813
-0,08178864
0,1306144
0,2092468
-0,1708126
0,1443291
-0,4818302
-0,1033307
0,2423592
-0,5309523
0,8130519
-0,2339522
0,005062247
-0,2647494
0,008072849
0,04966521
-0,03196054
0,2441373
-0,02117785
-0,1151327
-0,109851
-0,01103912
-0,07075907
-0,02287607
-0,03089904
0,01217073
0,05041194
-0,02458229
-0,001474419
-0,005204682
0,03763258
-0,04854615
-0,02102424
0,0338802
-0,0785372
-0,079365
-0,06958092
0,05587032
0,06983878
0,01710475
-0,07896782
-0,08097259
-0,03144936
0,07677079
-0,0007838942
0,0159164
-0,0296552
0,05813539
0,07365497
0,001767142
0,02427273
0,1561163
0,1343035
-0,1552836
-0,1507826
-0,1013794
0,2569447
-0,06405118
0,3122807
0,07852262
-0,164905
-0,005007525
-0,1087811
0,07342362
0,066356
0,2514249
0,1775205
-0,04870317
-0,03716805
-0,004620494
0,07987819
0,1025969
0,663116
-0,06067417
-0,05485582
0,1275137
0,07518944
0,1067626
0,07134411
0,06446845
0,09774472
-0,0779767
0,03735439
0,0404296
-0,07675133
0,1742848
-0,02652388
0,07439863
-0,08338772
0,3099834
-0,0330676
-0,1038385
0,3330945
-0,2634353
0,03539973
-0,06029631
0,2266343
-0,01749306
-0,2257391
0,3359501
-0,02221736
0,4692032
0,1087646
0,3364557
-0,08884431
-0,1995895
0,3928077
0,1292771
0,3621961
0,203907
0,2417621
0,2297746
-0,2782328
0,7058104
-0,1786791
0,2474367
-0,4585144
0,1433682
0,2180093
-0,2188221
0,1264677
-0,339225
0,0857663
-0,127214
-0,0735793
0,2388209
-0,1289805
0,07815037
-0,235413
-0,08559512
-0,263332
-0,1858633
0,2394149
0,1669788
-0,1718639
0,01064715
-0,1151116
-0,1427731
-0,06520785
-0,1011129
0,05488646
0,06452318
0,0861788
-0,08783019
0,05143961
-0,03602576
-0,2435311
0,188994
-0,1094301
0,267294
-0,02669935
-0,03067026
-0,03159737
0,03948483
0,2268553
-0,1122494
-0,05178587
-0,07615492
0,02469479
-0,08939525
-0,03097429
0,3679644
-0,05412122
-0,06746032
-0,04099474
-0,1782087
0,002505935
-0,2675877
0,03665453
-0,04412673
0,002963735
-0,151074
-0,1419452
-0,1803613
-0,4204722
-0,03655454
-0,1360907
-0,02651319
-0,2687083
-0,1217488
-0,1207526
-0,5076824
0,2126906
-0,2035436
0,08772217
0,0642731
-0,3051658
-0,02152606
-0,6687359
-0,07864393
0,1698333
0,06200943
0,001005695
-0,4016771
0,1286913
-0,5648187
-0,11335
0,1417345
0,0391848
0,2552543
-0,3394269
0,05988896
-0,2870706
-0,1303426
0,1987871
-0,4098287
0,6340629
-0,04294381
-0,02595831
0,009253662
0,03553526
-0,02524856
0,002691336
0,1571474
-0,03779847
-0,1241317
0,02041944
-0,07013264
0,03823774
0,06289013
0,08460928
-0,07238919
-0,02428495
0,05219661
-0,07374287
-0,06172502
-0,06332736
-0,04869065
0,02883508
-0,00275287
0,006766983
0,01297961
-0,09349971
0,06564203
0,01419269
0,008207056
0,0790289
0,04188044
0,03225248
-0,08794909
0,1200085
-0,06597622
0,09680274
0,06935309
-0,07274487
-0,0438653
-0,106552
0,135573
0,02992076
-0,09751626
-0,313703
-0,2347319
0,1798752
-0,1492419
0,2204581
-0,01827906
-0,1899934
0,09958453
-0,2939505
0,009553322
0,102109
0,2092991
-0,03427012
0,1257354
-0,06056668
-0,1733062
-0,05887301
0,109889
0,2271305
0,07028881
0,1977757
0,1867078
-0,04276255
0,07831064
0,1957715
0,1398386
0,2552466
-0,009042375
0,1309176
0,2181336
0,0008195436
-0,01345938
0,1761159
0,06459739
0,01265558
0,1615971
-0,1576984
-0,1093966
0,1088991
-0,09000655
0,2276153
-0,2775145
0,07752703
0,02421581
-0,1781523
0,2934058
0,09773874
0,3392629
-0,270668
0,3484024
-0,02997007
-0,1110064
0,1875923
-0,2504959
0,06793756
-0,1698451
0,4013943
0,1666614
0,01396564
-0,1534917
-0,2091318
0,05346689
-0,2456348
0,4420099
0,04839355
-0,2538248
0,02947493
-0,195184
0,05594748
-0,5768062
-0,1823424
0,1477023
-0,2133827
0,1288302
-0,2251895
-0,1769343
-0,3402227
-0,05238613
-0,1321713
0,1648827
0,1171788
0,07802282
-0,07708936
-0,2668368
-0,06904766
-0,2231461
0,2634434
0,2226444
0,1475074
0,03590398
-0,2657135
0,0663935
0,1490857
0,3502865
-0,004294058
0,1668502
0,1008959
-0,1735645
0,09853297
-0,3231485
0,1431163
0,09800407
0,1183748
-0,03246158
-0,210884
0,146727
-0,04844147
0,0885371
0,0007161274
0,1265608
-0,1419204
-0,04153283
0,1089121
-0,003467137
0,09396431
-0,07578576
0,05365307
-0,101737
-0,1197074
0,1897245
-0,313148
-0,04029235
0,03408307
0,06783021
-0,0141382
-0,3961585
-0,001212456
-0,5918064
0,04151778
-0,1096847
0,02616268
0,184027
-0,564929
0,2638992
-0,6840257
-0,1687577
0,2108665
0,1702158
0,05688966
-0,441435
0,06823935
-0,4590298
-0,1158055
0,1097631
-0,06248379
0,2683307
-0,2166781
-0,09482722
-0,204673
-0,1719102
0,06043819
-0,1748491
0,4725088
-0,04830485
-0,1356009
-0,05053332
0,06365934
0,06781001
-0,09297883
0,1179936
0,06549144
-0,1045218
0,04673192
0,07101487
-0,02158559
0,03003461
-0,05667328
0,07969772
0,03534188
0,007962898
0,04147168
0,02296317
0,02133634
-0,03402298
0,08437048
0,07334655
-0,04283843
-0,007594333
-0,04538235
-0,0602921
0,02038149
0,03235472
-0,04597863
0,04209587
-0,05176592
-0,05106323
-0,01075852
-0,02241717
-0,03575122
-0,00197911
-0,1094502
-0,04941159
-0,1189047
0,1597385
0,1987734
-0,1673402
-0,1601165
-0,2761585
-0,01238263
-0,213522
0,1023696
0,2612084
-0,3031729
0,0468076
-0,614881
-0,08115855
-0,1465851
0,2883274
0,1108716
-0,0560197
0,1917257
-0,2004521
0,02090041
-0,1355199
0,3446444
0,4188734
-0,04851007
0,1121307
-0,07276293
-0,02886159
0,2213409
0,184817
0,545397
-0,1628644
0,2383495
0,1125486
-0,05041592
0,00396144
0,3207147
0,3630393
-0,1485359
0,08385123
0,09346896
-0,09563273
-0,2232437
0,1325773
0,07548791
-0,2819158
0,1442985
-0,02746343
-0,1338872
-0,02759658
0,003384065
0,288515
-0,3089522
0,2908292
0,1117399
-0,04272203
-0,06866571
-0,06261033
0,07872894
-0,4464352
0,160555
0,04956791
-0,2718467
0,0363381
-0,4318359
-0,07304431
-0,4206825
0,4857104
0,009006763
-0,1706392
-0,2674587
-0,05457924
-0,2042877
-0,135727
0,1823725
-0,1790459
-0,1752118
-0,1552975
-0,2284646
-0,04291825
-0,1492291
-0,03483241
0,2173287
0,1966156
0,2014232
0,04674891
-0,05559312
-0,0765235
0,2645195
-0,0806024
0,1987797
0,2441172
0,0857944
-0,1835222
-0,2393762
-0,1580382
-0,02457615
0,2445764
-0,06474929
0,1579413
-0,1207377
-0,1320378
-0,002922005
-0,01827068
0,251749
0,07591733
0,1757061
0,03502519
-0,4299011
-0,1085133
-0,05339331
0,2499011
0,06821755
0,1521978
0,1585725
-0,1213636
0,08444904
-0,1060383
-0,092476
0,07618596
0,1344611
0,08851517
-0,2085005
0,06455384
-0,3727837
-0,06970862
0,1774536
-0,0290169
0,283251
-0,4485352
-0,04991419
-0,4308002
-0,1206524
-0,00125562
0,2565858
0,06867433
-0,3667136
0,2918484
-0,408789
-0,44524
0,09991757
0,1791553
0,1836898
-0,3856798
0,033538
-0,3574723
-0,126661
0,1291705
-0,2469068
0,3641002
-0,08761357
-0,2613219
-0,212989
-0,07809645
-0,06648635
-0,06304099
0,2270376
0,01447675
0,005299268
-0,01331471
0,04251283
-0,04037081
-0,03317644
-0,01345344
-0,09796582
-0,08634454
0,0680853
-0,02904383
-0,01054619
-0,006590748
-0,02147155
0,07093398
0,05465408
0,06753112
-0,06962505
-0,01198749
0,08681306
-0,08346281
0,05511237
0,06890073
0,01598228
0,01551739
-0,02632526
0,08707836
0,008142727
0,03917664
-0,004190303
-0,03689925
0,03428452
-0,04310348
-0,03766874
0,150082
-0,08187917
-0,04331739
-0,1265177
-0,03532385
-0,1492801
0,009925903
0,2865025
-0,1947253
-0,05686677
-0,08231104
0,006271829
-0,08706434
0,2112457
0,1222113
-0,3716564
0,09630418
-0,3169725
-0,1559927
-0,05640609
-0,1209405
-0,07211051
-0,3173385
0,1153427
-0,2983398
-0,1626276
-0,2898706
0,3063261
0,4905975
-0,2035582
-0,009290854
0,06589189
-0,1119114
-0,03503782
0,3412341
0,5315183
-0,2125861
0,280244
0,07126818
-0,1369329
0,0975904
0,2077265
-0,04434538
-0,07656054
0,05813926
0,04463019
0,08912259
0,3718413
0,03914839
0,1283911
-0,1589179
0,1552881
-0,01529221
-0,02153903
-0,1278073
-0,2140498
-0,02082545
-0,3342774
0,05843815
0,2223807
-0,02225962
-0,06671906
-0,1525447
-0,1024239
-0,4279236
0,1919167
-0,05872308
-0,01421174
-0,2469947
-0,2210312
-0,2806763
-0,3571201
0,07034704
-0,02098953
0,1353514
0,037303
-0,1207803
-0,09258347
-0,5115155
0,05886625
-0,1546728
0,02475411
0,08030359
-0,009664348
-0,01324429
-0,5516832
0,2119345
-0,05464724
-0,06255241
-0,06585338
0,08962929
-0,1131474
-0,283852
0,08436209
-0,0463667
0,01728494
0,009645876
0,06109962
0,05913031
-0,1397123
0,004528984
-0,1641936
0,0503372
0,2851761
-0,1071547
-0,2095093
-0,5437248
0,06667168
-0,08811881
-0,06690204
0,05864136
-0,0383729
0,05040007
-0,3421061
0,09852619
-0,2093542
0,03002003
0,1885708
0,02116441
0,08953372
-0,344162
-0,0459474
-0,2660826
0,06795349
-0,05190177
0,2263285
-0,1261865
-0,1649986
-0,03626638
-0,3830923
-0,1970858
0,01476241
0,1029202
0,05906452
-0,164092
0,08481056
-0,359587
-0,223464
0,07848034
0,1991176
0,2280316
-0,2661789
0,3350661
-0,3373121
-0,2130306
0,01388788
-0,1028627
0,256882
-0,2561888
0,2923304
-0,2671477
-0,1069343
0,05489209
-0,2892908
0,244639
-0,04306895
-0,03236555
0,005421537
-0,05262408
-0,0652808
0,01847964
0,1819794
-0,05052425
0,06470625
0,04755636
-0,03523172
0,05241643
-0,02310802
0,09387761
-0,08200639
0,00982968
0,04841029
0,0375988
-0,05209966
0,0088059
0,06164191
0,05868724
0,01455193
0,08413021
0,02761077
-0,05976472
-0,03320009
-0,04142224
-0,05609471
-0,03093506
0,06966359
-0,04264731
0,07828189
-0,06922087
-0,03112781
0,01395981
0,001279727
0,07000356
-0,06863116
-0,01079832
0,1152872
0,01231631
-0,0211704
-0,003817101
-0,01558717
-0,04409513
-0,08313851
0,156281
0,105101
-0,2030863
0,03798956
-0,1280761
0,00786151
-0,005649794
0,1375526
0,06441524
-0,4844622
0,02072872
-0,1985423
-0,2146624
-0,1100043
-0,2176368
0,1238286
-0,5595255
0,02135098
0,0985997
-0,09510744
0,04217015
-0,1107657
0,269758
-0,2481239
-0,004145221
0,06739997
-0,1423079
0,03141778
0,07144524
0,3459012
-0,1137762
0,1354662
0,03847704
-0,2589734
0,04582781
0,06197741
0,4173601
0,2342515
0,1214146
0,1252289
0,002678191
-0,08452829
0,212398
0,3277076
0,03095206
0,3079307
0,03154424
0,07911146
0,03052607
-0,1227143
0,08308089
0,1139673
0,09369598
0,03160562
-0,1327182
0,05607729
0,255006
0,1692183
-0,03239586
0,1465948
-0,1069397
0,008768734
0,02806761
0,0273451
0,0455455
-0,01449934
0,3373057
-0,05096532
-0,1956375
-0,08831987
0,06112295
-0,02705929
-0,1633464
0,3969281
-0,05656628
-0,007582716
-0,1547324
-0,06684338
-0,00247882
-0,02526874
-0,316964
-0,005928867
-0,2055701
-0,1726927
-0,2683885
-0,1258515
-0,3445934
0,2204057
-0,07553966
-0,05033585
-0,2568791
-0,07084465
-0,1119345
-0,313395
-0,1247476
-0,0396989
-0,04242226
-0,1759858
-0,07341953
-0,100413
-0,3862969
-0,2240352
-0,001772499
-0,1140867
0,004090477
0,1182986
-0,1262361
-0,4369028
-0,07656477
0,001749811
0,0155944
0,05724872
-0,01480519
-0,090478
-0,4063855
0,128466
-0,0855599
0,09121308
0,08034158
-0,03983365
0,03200193
-0,280568
0,03810677
-0,4087014
0,08606773
0,2947639
-0,0002206671
-0,02329834
-0,2621587
0,1319885
-0,3305815
-0,005199384
0,07287903
0,1423626
0,1219953
-0,1814011
0,2321258
-0,2306651
-0,1179705
0,009017742
0,1019912
0,04633494
-0,1386119
-0,06626072
0,002120498
-0,189616
0,04154976
-0,01442186
-0,0001358281
-0,02326273
-0,0704729
-0,07331905
-0,04009885
0,01353389
0,01014998
-0,02479528
0,004456997
-0,06386115
-0,01873338
-0,05419207
-0,01093264
0,08467997
-0,01781457
0,01881653
0,08859842
0,02154978
-0,04189294
0,07363936
-0,0400803
-0,005607614
0,07490719
0,02477842
0,08704067
-0,005061475
-0,03378223
-0,0343858
0,03770303
0,03694322
-0,01458012
-0,02159999
0,03367761
-0,05243252
0,03095304
-0,005625799
0,05867578
0,006881783
0,0372451
-0,03511199
0,04258002
0,1329719
0,06005637
-0,1249557
0,03272454
-0,1228059
0,05756285
-0,05343623
0,2530523
0,1627498
-0,2452516
-0,05543754
-0,1350135
0,09871418
-0,06011344
0,343028
0,1122801
-0,2023857
-0,2798544
-0,09899861
-0,03023998
-0,3630488
0,08651932
0,03213547
-0,5037279
-0,1336486
0,2192108
-0,1810058
-0,372391
-0,1038464
0,1722249
-0,2432048
-0,02394978
0,1816751
-0,02527039
-0,2980365
-0,1666062
0,3446988
0,1338788
0,09538916
0,01216544
0,01059996
0,2589997
0,200482
0,08466233
-0,07794946
0,1186279
0,02070466
0,04934444
0,03706902
0,3267194
0,282333
-0,222324
0,2004706
0,1760312
0,06988596
-0,06402284
0,5335792
0,1339256
0,1608122
0,2037273
0,07753904
0,1211419
0,0904331
0,3913545
0,4036832
0,3076696
0,24548
0,2315265
0,06562448
0,1623728
0,2651179
0,3498015
0,2546987
0,2669142
0,3213731
0,01592502
0,2992418
0,2894142
0,3383447
0,1545907
0,1861487
-0,01333242
-0,0354973
0,03499715
0,1805884
0,05001817
0,2022763
0,2065255
-0,0320423
-0,01221433
0,02978404
0,1227323
0,2448675
-0,005432423
0,07802535
0,1369618
-0,0969792
0,2371601
0,3129248
0,01990826
-0,09418271
0,08572721
0,03021069
-0,05871882
0,01044961
0,02687536
-0,01576798
-0,09144025
0,01735265
0,02632727
-0,1187795
0,2786683
0,1262114
0,005455857
-0,1892452
-0,1898198
-0,1941334
-0,06003582
0,3146365
0,2233506
0,1118785
-0,2741839
0,02024817
-0,449743
0,0401068
0,3815046
0,4050768
-0,01905273
-0,1331827
-0,0219931
-0,2879383
-0,01502202
0,4362461
0,1113268
0,1727514
-0,04138032
0,0296153
-0,3127494
-0,0530421
0,2806219
0,0966414
0,2502328
-0,1077798
-0,05349295
-0,1142353
-0,1276169
0,100369
0,1907993
0,04770113
-0,1233145
-0,1589695
-0,1546819
-0,1146256
-0,0749465
0,005150044
0,01196789
-0,03257509
-0,0945391
-0,03248195
-0,103896
0,04690454
0,05352154
-0,07526711
-0,084869
0,03807473
0,06077874
-0,06849516
-0,04322312
-0,01994707
-0,07298611
-0,04895622
-0,02966979
-0,05501794
-0,02617207
-0,05408263
-0,02042748
-0,002146638
0,01294842
-0,03875836
0,07721164
0,02040288
-0,003376168
-0,03014612
0,02589981
-0,06230818
0,05453745
-0,01422471
0,05548348
-0,04506189
0,08147486
-0,005162562
-0,05067758
0,007615911
-0,03044792
-0,01477185
-0,0008416585
0,02057133
-0,05959025
-0,05221213
0,05170725
0,0657822
-0,03863516
-0,05593802
0,2146585
-0,04951625
-0,08950818
0,007984209
-0,09011052
0,04567301
-0,2323247
0,1514384
0,2602415
0,04693396
-0,1628059
-0,0616251
0,08014908
-0,3716271
-0,02810991
0,05563045
0,1313922
-0,2130487
0,1207809
0,04949885
-0,5593898
0,158423
-0,04081135
0,153807
-0,3473724
0,04508521
0,02195552
-0,2488381
0,3713663
-0,1295896
0,02377789
-0,3559045
-0,07268675
0,02757982
-0,1029594
0,1321487
-0,1171201
0,05842633
-0,1883921
-0,09785441
-0,009630496
-0,01138359
0,219954
0,02168181
-0,1366131
0,03877377
0,07435144
0,1487304
-0,0525864
0,1633221
0,0094194
0,0157146
-0,06751716
-0,1742062
0,05903625
0,04820674
0,4242194
-0,07448301
-0,08692826
-0,06918883
-0,03176394
0,09440166
0,03206039
0,3711109
0,2340343
-0,01626096
0,2019969
-0,2594551
-0,08872595
-0,01876346
0,4289419
0,04567677
0,09887509
0,2409865
-0,1981354
0,0846488
0,06196634
0,4596018
0,1506775
-0,1770376
0,2227
-0,03006517
0,1461472
0,06858577
0,3910337
0,2452547
0,04286876
0,2368502
0,02109821
0,03190532
0,3559247
0,2947066
0,1291136
0,08208127
0,2453599
-0,1559383
0,07225525
-0,02845636
0,3352955
0,296764
0,2432102
0,1645612
-0,2413232
0,1680187
0,2923495
0,5300791
0,09825813
-0,02831651
0,1375071
-0,1909709
0,02840211
0,4000428
0,4064432
0,09091639
0,2386029
-0,09051495
-0,1728304
-0,04082878
0,2565301
0,4488821
0,007560256
0,2357111
-0,3191985
-0,20377
-0,09768997
0,3180085
0,2669542
0,2171968
0,1119724
-0,3204359
-0,05040201
0,04818636
0,1968893
0,266493
-0,06126805
0,05924373
-0,1453895
-0,0414013
0,0274653
0,1770365
0,2376897
-0,03794049
-0,02274166
0,001408272
-0,06400885
0,002812763
-0,0602904
0,009376544
0,07118481
-0,04315861
-0,02111784
0,01416227
0,06944152
-0,02641976
-0,09178302
0,03471806
-0,127721
-0,007764616
0,001423349
-0,07100209
-0,02404516
-0,07315232
-0,03419644
-0,07406431
-0,05670749
-0,07269008
-0,07487235
-0,004458454
0,05375763
-0,06793114
0,05051202
-0,02725088
0,0585265
0,05250961
0,08102822
-0,06094874
-0,04690908
0,02736843
0,05912095
-0,04374313
-0,009211295
-0,03268822
-0,03738549
-0,03052907
-0,07711869
-0,04610791
-0,06404893
0,05487821
0,0735269
0,0483063
0,05233394
-0,01067812
0,03604102
0,04081283
-0,02414224
-0,08741788
0,01148891
-0,03750524
0,02603797
0,03448942
-0,06307137
-0,06161141
-0,1193018
0,01412793
-0,01142831
0,02851273
-0,04138795
-0,002832916
0,05757619
-0,05770203
0,02970232
-0,03799651
0,166638
-0,1153534
-0,006450944
-0,0638795
-0,1408721
0,1407134
-0,04630549
0,03728194
-0,1565829
-0,2411435
0,140562
-0,06478841
0,2082658
0,1292156
0,09714581
-0,2879671
-0,1760654
0,09671452
-0,3744946
0,1484019
0,1669054
0,04213052
-0,4532222
-0,2024297
0,1239424
-0,4776573
0,2438512
-0,03835596
0,07767754
-0,392475
0,04012844
0,02282372
-0,09554702
0,3465654
-0,1180998
-0,0196245
-0,3666165
-0,1969521
-0,07321916
-0,4111714
0,320643
0,04077069
0,3775884
-0,1644686
-0,02113373
-0,001371405
-0,3504529
0,2748023
0,1264562
0,2630752
-0,2899953
-0,1970646
-0,07242902
-0,2989353
0,2803327
0,006161391
0,3738255
-0,07246644
-0,2148655
-0,1060615
-0,07619341
0,1311
0,120298
0,4172455
-0,1268027
-0,1655258
-0,1382357
-0,09676701
0,428883
0,07850742
0,4079121
0,04721421
-0,2879841
-0,02935973
-0,01577552
0,5553324
0,18391
0,6218064
0,03404719
-0,2522715
-0,08612844
0,1099385
0,6162258
0,2361449
0,4542955
-0,09030905
-0,1580203
-0,2261303
0,06791265
0,5060678
0,3111472
0,6449707
-0,2033909
-0,1146428
-0,1780615
0,04231583
0,4798101
0,253526
0,5028155
-0,1495025
-0,02276745
-0,1243776
0,2554889
0,477549
0,1212014
0,5659481
-0,4427966
0,004410308
-0,2033065
0,1459288
0,3548858
0,01641976
0,2911464
-0,232423
-0,02406588
-0,1403653
0,03443039
0,2365534
-0,1455766
0,1124654
-0,1692474
0,0438128
-0,0876945
0,002138494
0,1932119
-0,1092829
-0,1079526
-0,0346305
-0,02432602
0,06933488
-0,05613984
0,02663683
-0,03789976
0,007591533
-0,06024897
-0,07486779
0,07716615
-0,01032111
-0,08466951
-0,04464939
0,03269909
-0,04903212
-0,06373921
-0,07459648
0,0276725
0,02550704
-0,04435895
-0,05272476
0,08257535
-0,05555011
0,05554099
-0,069273
-0,06448018
-0,05686416
0,03077745
-0,04931713
-0,05617766
0,02449945
0,009978695
0,06717973
-0,03050793
-0,05708043
-0,008074657
-0,04462783
0,06243791
-0,01973929
-0,06727397
-0,01450505
0,04705185
-0,04832735
0,03886764
-0,06478838
0,04172513
0,07821991
0,005031723
0,01263681
0,04784648
-0,001750389
-0,04551516
0,01505534
-0,02874618
0,01866086
0,06421333
-0,01714704
0,01666773
-0,0660068
0,08809406
-0,05104179
0,01506488
0,04345013
-0,05565029
0,03061644
-0,08963447
0,1319899
0,04330815
-0,02875563
-0,02224528
-0,07408751
0,00245716
0,02179243
0,05536276
-0,03214229
0,01816955
0,04495614
-0,0362989
0,02293904
0,05047981
-0,1345955
-0,1689347
0,1332804
0,1469053
-0,2368036
-0,06032688
0,05519562
-0,08417923
-0,1239945
0,06274467
0,372872
-0,08172253
-0,04450579
-0,09269363
-0,1847536
-0,1363596
0,08040036
0,433981
-0,2033916
-0,05804532
-0,122644
-0,1680924
-0,164027
0,142085
0,3526071
-0,1921513
-0,1401218
-0,2000458
-0,2686304
-0,1183628
0,1024995
0,3513773
-0,1002296
-0,0912627
-0,2744356
-0,08326988
0,09461954
0,08532695
0,3482513
-0,07593752
-0,1046062
-0,2265851
-0,2638836
0,09222999
-0,009044998
0,5846127
-0,1331986
-0,19588
-0,3151894
-0,09569539
-0,002777926
0,2551153
0,6922244
-0,3016669
-0,2435831
-0,3944094
-0,151719
0,01925744
0,267586
0,655281
-0,257354
-0,08727879
-0,238374
-0,1935026
0,02759262
0,2267654
0,4899431
-0,06028503
-0,1220834
-0,2395484
-0,1657761
0,1459207
0,2371542
0,5245692
-0,178913
0,003151442
-0,2636868
-0,09953696
-0,008516837
0,085466
0,5151913
-0,1984569
-0,02434885
-0,1904688
-0,01772785
-0,01937695
0,09754987
0,359057
0,01018704
-0,06627075
-0,134096
0,01087555
0,2436439
0,1123317
0,19446
-0,1739541
-0,07147896
-0,03640657
-0,01361616
0,1863309
0,04445779
0,1159776
-0,006268077
0,06186593
-0,1568038
-0,09581566
-0,02102734
-0,07221601
0,03493994
-0,09540694
-0,05599521
-0,07426059
-0,06845585
-0,008087676
0,05004126
0,05693674
0,03548565
0,05681613
0,0284213
-0,07077505
-0,01362052
0,02444764
-0,001410273
0,08415531
0,05154222
-0,04153033
-0,001055858
-0,0701633
-0,07571892
-0,04247217
-0,0213493
0,006493938
-0,06058097
0,05264303
0,06987842
-0,0780151
-0,07023888
0,01955362
0,03747955
-0,05440553
0,0425005
-0,04687133
-0,06809305
0,06376584
0,05094048
-0,07442662
-0,05668294
0,02744197
-0,05684354
0,03194638
-0,01136918
-0,05821903
-0,08532188
-0,0354084
-0,05705231
0,01962415
-0,008616748
-0,009695318
0,06303741
-0,07373466
-0,06227008
0,02071876
-0,05639392
0,07392952
-0,03931543
0,06377432
0,05643541
0,01435689
0,06330559
-0,0734954
-0,0578001
-0,02059389
0,01137875
0,03309486
-0,06346972
0,005855892
0,02979657
0,07293012
0,0419076
0,02460493
-0,05306719
0,0440068
-0,07429785
0,0064354
-0,01853172
0,05321136
-0,06377497
-0,03123555
0,04848862
0,04237087
0,03128675
-0,03492516
-0,03624342
0,04251049
0,04048084
0,07334203
0,07792773
-0,0538228
0,08264571
-0,002429512
-0,06034347
0,05523847
-0,02519852
-0,07011496
0,01054212
-0,03105185
-0,03608564
-0,03935853
0,006217218
-0,0138735
-0,03070666
-0,09387551
0,04825565
-0,004045345
-0,05986526
-0,04164572
-0,04121448
-0,1492413
-0,08752686
0,07883912
0,03444546
0,07548904
-0,08046316
-0,01743367
0,01911488
-0,09617116
0,01806069
0,02666369
0,09341832
0,00643969
-0,0687132
-0,001209583
-0,02843133
-0,02652091
0,1082841
0,01391402
0,05544589
-0,04028893
-0,1950203
-0,06785496
0,1022998
0,2029167
-0,04228523
-0,06633933
-0,03357664
-0,005324027
-0,1608716
0,07289572
0,08350386
-0,01953072
0,01777208
-0,05770144
0,003805597
-0,1358023
0,05600982
0,09976075
0,05954498
0,06421424
-0,002595478
0,02504367
-0,1628163
-0,02990488
0,1449775
-0,01065447
0,02663065
0,06269962
-0,05486825
-0,1510665
0,09892382
0,07398513
0,005999796
0,07077589
-0,06452869
-0,1380172
-0,04415189
-0,062032
0,1686108
-0,01886287
0,03818694
-0,04911946
0,009154419
-0,03038472
0,03117863
0,1383273
-0,03827559
0,07821878
-0,02028356
0,1246667
0,03446179
-0,02448373
-0,02550635
0,04658445
-0,0195015
-0,02170533
-0,07887858
-0,07717171
0,01529074
0,09439787
0,02997039
-0,08089048
-0,04475889
0,01850059
-0,06061287
-0,01789235
0,08452433
-0,05903756
0,05591164
-0,049048
0,05340399
-0,008834057
-0,008402367
0,01203575
-0,02806522
-0,04667353
0,001181467
0,08245187
0,04795343
0,04922968
-0,06223881
-0,05098073
0,05938464
-0,02185772
-0,04195886
-0,04754953
-0,06929775
0,08508897
-0,05284379
-0,0239191
0,03041247
0,04929936
-0,01283627
0,05980141
0,06137345
0,05632588
-0,01112598
0,04421065
-0,01189297
-0,01105759
0,01943263
-0,06155394
-0,07001045
0,07271625
0,02707685
-1,237962
-0,3053529
0,02625349
-0,7831684
0,9489432
-0,5339211
0,4123444
-1,091174
0,182126
0,04361765
-0,3402795
0,06981608
-0,2472822
0,650018
-0,4347998
1,238968
-0,5421326
-0,7735158
0,5709062
-0,2253023
0,3193209
0,6293775
1,019732
0,8271744
-1,320856
-0,8923802
-0,3976805
0,3310125
0,1433544
-0,1023647
0,1722906
-1,208075
-0,6534787
-0,5626856
0,2514027
-0,4883212
-1,063959
1,103608
-0,3889003
0,7434723
1,20322
-1,314071
-0,2447732
-1,172
-0,5918647
0,169709
0,9221082
-0,8297577
-0,4360444
-1,085489
-0,4983875
0,5057055
-1,840885
-1,24823
0,4699428
0,1034386
0,3084625
0,1807225
-0,5498127
-0,1673487
0,4012207
0,5236123
0,5707161
0,6522015
0,1770651
-0,8194549
0,6353099
0,3443396
-1,196083
-0,3271028
