784,5,10
-0,03339859
0,02321018
0,02273456
-0,01228729
-0,006884543
-0,01401776
-0,01402112
-0,01709233
-0,04220802
-0,06269926
-0,08002462
-0,06045204
0,05005475
-0,0459011
0,01931778
-0,001444258
-0,06243683
0,00538615
-0,03584074
-0,04145852
-0,03604295
-0,06058249
-0,07886188
0,05468085
0,03682799
0,03710785
0,0745752
-0,05638638
0,04899202
0,07358653
0,04603975
0,05206552
-0,02985588
0,07374422
-0,03313476
-0,07429912
0,07424532
-0,08007894
0,0596826
-0,06801227
0,05546336
0,04986127
-0,008162139
0,06027577
-0,02263635
0,05437369
3,318258E-05
0,01613225
-0,01147828
0,03021496
0,004256778
0,0348386
-0,08217554
0,05727374
0,05983967
0,03652015
-0,0218848
0,056782
0,075698
-0,08349961
-0,04562785
0,03818808
0,01782122
-0,01962947
0,05735043
0,02893269
0,04973971
0,08105035
-0,009028535
-0,02196788
-0,01665021
0,06576767
0,06685421
0,05423728
0,08085667
-0,05548603
0,07287613
-0,0355716
0,03025587
0,03624825
-0,06427182
-0,06838518
0,03357131
-0,008160586
0,06167301
0,02788972
-0,07915603
-0,06472678
0,003720846
-0,08067028
-0,007976475
0,0527458
-0,07935513
0,08519782
-0,05231616
0,03573787
0,08105139
0,0681312
-0,004244766
0,07446764
0,05348311
0,08310551
0,007428832
-0,02449086
0,06604984
0,07239963
0,02322756
0,03674704
-0,02423265
-0,04113802
-0,07539777
0,02480089
0,0800086
-0,005221521
0,07693597
-0,0485775
0,02902603
-0,05572986
-0,002562143
-0,003112473
0,0329247
0,01663541
0,05669067
0,01374952
-0,07860677
-0,03931818
-0,06526355
-0,005474184
0,02600153
-0,00747265
-0,01806993
-0,07090259
-0,02934484
0,03393785
-0,07511456
-0,04147679
-0,0536885
0,08496882
-0,003972984
-0,03283538
0,03632838
0,00695071
-0,08546263
0,0846073
-0,02908756
-0,07168945
0,05910348
0,06890809
-0,04022015
-0,06203574
0,05355521
-0,04142386
-0,00257047
-0,0104779
0,06452221
-0,03554567
0,06643419
-0,03146883
-0,05991459
0,0578446
-0,07813848
0,08214691
-0,009675463
0,08609357
-0,08485659
0,001079649
-0,0707174
-0,02661409
-0,07114916
0,07392637
-0,07546529
0,01088963
-0,03936824
-0,03674426
-0,03744226
-0,01584595
0,005857011
-0,01205148
-0,03434104
-0,0221959
-0,01454513
-0,03407329
-0,05057028
-0,04959517
-0,04104475
-0,0443509
-0,05734094
0,07517353
0,03362427
-0,05835229
0,04629013
-0,08560804
-0,07031825
0,002003008
-0,09522545
0,08076889
-0,06441283
-0,01225954
-0,01421626
0,01757443
0,06362327
0,04369043
-0,02799813
-0,02050901
-0,05831098
-0,06425553
-0,03783853
-0,001493796
0,02116445
0,05564631
-0,06778805
0,006692635
-0,05760293
0,009080467
0,02304374
-0,08027358
0,0147096
0,06984048
0,06060074
3,736229E-05
-0,04698389
-0,0421223
-0,01640036
-0,04199004
0,03911648
-0,02288178
0,08936229
0,09470561
0,01303021
0,05936524
-0,01312903
-0,06076325
-0,04744123
-0,009955716
-0,03491751
-0,04516664
0,08475927
0,05662783
0,02314011
-0,03347415
-0,009305281
0,01118349
0,03498676
0,0159211
-0,06273384
0,06404383
-0,07218523
0,008338583
-0,0533208
0,03014379
-0,05363647
-0,05626462
-0,05112251
0,03812693
0,07115439
0,08319086
-0,02591165
-0,04424752
-0,01442677
-0,03942288
-0,0328974
-0,02271063
-0,01488092
0,06887758
-0,05930509
-0,03789792
0,07935811
-0,03113588
0,08167373
0,07291414
-0,01249689
-0,02308744
-0,0175531
0,05673937
0,04678368
0,06493082
0,05317664
0,04526681
0,01598226
0,03847254
0,05708608
-0,06710506
0,08487009
-0,05840451
-0,02123493
-0,03647014
0,0535405
-0,05159781
0,04182961
-0,05794792
0,08015174
-0,04845259
-0,04749836
-0,04506205
-0,03756584
0,04878591
-0,01902283
0,0256363
0,07600488
0,01165001
0,07062189
0,07878554
-0,04804917
0,01249752
0,07603136
-0,05298733
-0,01378081
-0,01668105
0,0687577
0,04764427
0,04336236
0,05633007
0,0172971
0,06817172
0,01531102
-0,03750198
-0,07590746
-0,01367236
0,07759411
-0,07853803
-0,05446626
0,01513774
0,1242136
0,0727026
-0,09203549
0,004342766
-0,1332281
0,09959412
-0,09007083
0,003743715
0,06904276
-0,005747942
0,08765149
0,06590896
-0,08846763
0,01858672
0,006657489
0,2007892
-0,01920303
-0,1761166
-0,01423961
-0,1076536
0,1821904
-0,03888537
-0,06662637
0,03634654
-0,1169474
0,2443595
-0,0518494
-0,1390119
-0,02427199
-0,07892398
0,1327186
-0,09086321
0,02140612
-0,03327976
-0,08425472
0,1768215
-0,1869879
-0,04212004
-0,0009140338
-0,03892311
0,3029183
-0,08526578
-0,001160345
0,001575839
-0,1082772
0,2642913
-0,1103752
0,03295529
-0,01195765
-0,0196151
0,123344
-0,1160734
0,02448927
0,09290343
-0,08077563
0,1282437
-0,02156001
0,02015283
-0,04682438
-0,107036
0,1224104
-0,001593458
0,09000549
-0,0005881946
0,03643634
0,07859984
-0,102226
-0,08512392
0,01363544
-0,01538922
-0,006214434
-0,1084139
0,02706035
0,05626934
-0,0212072
-0,05314512
-0,06586441
-0,03085392
-0,0405322
-0,08292584
0,04656608
-0,06099593
0,07704473
0,01421164
0,03253781
0,07399935
-0,05787297
-0,08344609
0,007982561
-0,07397243
0,0512011
0,06308459
0,0793144
-0,05638903
0,04637731
-0,05322533
0,01626083
-0,07925622
0,009596522
0,08077082
0,08253135
0,03397205
-0,04883125
-0,04415834
-0,03271913
-0,02744638
0,08140595
-0,07900192
-0,08531529
0,009159712
0,06181958
0,08393259
0,057618
-0,03136005
-0,07202065
0,004933325
0,002957267
-0,07965481
-0,04918874
-0,06511278
-0,01038113
-0,03478816
0,08587781
-0,0001880999
-0,06777873
0,01684307
-0,07355952
0,001826057
-0,04694136
-0,04248005
0,01608876
-0,06889506
0,03541917
-0,04180263
0,03196181
-0,02830671
0,05248732
-0,110109
0,02795524
-0,136322
0,02597772
0,07883937
-0,1111636
0,08147367
-0,1936263
0,1775883
-0,03043446
-0,1136837
-0,05911241
-0,1613614
0,2496315
0,01741477
-0,1274363
-0,03832304
-0,08747438
0,1983504
0,08800395
-0,1315915
-0,07405858
-0,1816216
0,1908941
0,06755662
-0,1333556
-0,08531403
-0,1402902
0,2883646
0,07441856
-0,05594412
-0,03740079
-0,07123949
0,1716602
0,01755607
-0,08092138
-0,114081
-0,06179684
0,1427563
-0,03427456
-0,01209392
-0,09592826
-0,1650087
0,1451923
-0,1585038
-0,006359999
-0,07666983
-0,1657686
0,2612149
-0,1717718
-0,006643907
-0,06336832
-0,1724007
0,2324629
-0,214295
-0,06124899
0,005123434
-0,1511173
0,3061085
-0,1587832
-0,04450473
-0,0315808
-0,1821994
0,2002984
-0,125344
-0,09242775
0,0260208
-0,1545009
0,1513316
-0,1162703
-0,02038046
-0,03369201
-0,08923426
0,1596153
-0,02537496
-0,04877998
-0,02976209
-0,09789395
0,1094837
0,03861029
-0,05858923
-0,01309121
-0,08145931
0,1045487
-0,01211864
-0,06026055
-0,04490537
-0,04284688
0,01622353
-0,001872209
0,06985724
0,06659705
-0,04187564
0,03112536
-0,06964365
-0,05418005
-0,06161888
-0,05721848
-0,07286263
-0,06332073
0,002104765
0,08390196
-0,07135443
0,04395584
-0,0660103
-0,04888268
0,08002584
0,02068811
0,04345902
-0,03549428
0,03856024
0,08028728
0,04228557
0,00318484
-0,001613272
-0,07827087
-0,015056
-0,07293893
0,03844387
-0,04796905
0,0567503
-0,02149021
0,01953691
0,0318748
0,01396385
-0,04684331
-0,02128732
0,006110669
0,04057795
0,0282551
0,07720766
-0,09383945
-0,1192804
0,01845779
-0,007815006
-0,06746197
-0,08981371
-0,1254166
0,08793677
0,04685418
-0,04275068
0,009551542
-0,08948184
0,03375685
0,1543448
0,07642821
-0,1648668
-0,1782289
0,07046883
0,09821627
-0,06626577
-0,2366011
0,0205974
-0,004616153
0,1641248
0,007757001
-0,1903398
0,05554825
0,076198
0,2149372
0,1563971
-0,1612241
0,1083471
0,1554012
0,194135
0,09471077
-0,2085555
0,1710341
0,07498612
0,126277
0,04820602
-0,1507348
0,1112721
0,1563464
0,1249273
0,002346844
-0,1166464
0,1551995
0,00785426
0,2317932
0,09092141
-0,1009397
-0,0508638
-0,01024944
0,0451365
0,00784852
-0,001586282
0,002800721
-0,03343138
0,110596
0,09866977
0,05848157
-0,09877823
-0,08016954
0,04524973
0,06305528
0,03175381
-0,06203216
-0,03548884
-0,07404379
0,08714622
0,09857417
-0,08829325
-0,04848088
-0,1907735
0,06417483
0,154466
-0,03515337
-0,1387269
-0,1372477
-0,02136826
0,1823311
-0,0449204
-0,1496491
-0,1657565
-0,01478128
0,2811196
-0,07184641
-0,04922298
0,03350898
-0,0270922
0,05234254
-0,1610624
-0,02752191
0,06384762
0,03937581
0,02496697
-0,002572856
-0,09601372
-0,02825434
0,04571947
0,07574526
-0,07249288
0,008222335
0,0242057
-0,04647159
-0,05308248
0,004179526
-0,05648105
0,07771273
-0,07223694
-0,07105567
-0,007349031
-0,08157308
-0,03817895
-0,01616895
-0,06543685
-0,003000954
-0,04269521
-0,01070558
0,03286306
-0,03222543
0,07161392
0,0380252
-0,05973154
-0,08450706
-0,01414079
-0,0241983
-0,008932135
-0,05433477
0,08025551
-0,06566555
-0,02558371
0,07355679
-0,06000821
-0,05389428
-0,1332997
0,05547442
-0,09595838
0,02650956
0,09548432
-0,03006966
-0,06818232
-0,0762625
0,06685792
0,1357531
-0,1915446
-0,1588357
0,06694411
0,1661253
0,1143017
-0,1702044
-0,06102957
0,07766761
0,03892762
0,0507187
-0,08903175
-0,04026399
-0,01019592
0,1914787
0,0591922
-0,1195238
-0,02940439
0,02143332
0,1510302
0,137263
-0,2008748
0,1705067
-0,08447338
0,1618689
0,1258684
-0,1379226
0,122471
0,05278711
0,02483833
0,119724
-0,1766896
0,2163762
0,0811077
0,07842185
0,1012301
-0,09848785
0,07782629
0,1560481
0,1164955
0,01158619
-0,106587
0,1922331
0,1562565
0,00760471
0,01569485
-0,1450703
0,09136644
0,07605389
0,1008692
-0,08843824
-0,01189489
-0,04129733
0,07474544
0,101341
-0,1622651
-0,05836905
0,07755055
-0,008631173
0,02009241
-0,1153385
0,04155088
-0,01201239
-0,03699593
-0,07889561
-0,04655474
0,1301339
-0,03894633
-0,08404382
0,01316303
0,0007531607
0,1055579
0,05798776
-0,1443631
-0,09599493
0,005108677
0,222869
-0,02361914
-0,1808068
-0,04760336
-0,05228608
0,3555623
-0,1744172
-0,1311812
0,07171635
-0,05734926
0,1718561
-0,160575
-0,09962054
0,1456679
0,07535924
0,03675201
-0,1537459
0,01017176
0,2044493
0,06617646
0,07283271
-0,1044257
-0,05372647
-0,04019539
0,04092259
0,06901941
0,02218496
0,003430102
-0,08486713
-0,07282042
-0,02815123
-0,05972478
0,07091104
-0,01734676
0,07239284
0,01898871
-0,01481676
-0,05585699
0,04953973
0,06586556
-0,07079543
-0,06279615
-0,0847787
0,05542677
0,05525902
0,027277
0,05795079
0,06695069
0,1056681
-0,03195063
-0,1262245
0,06312188
0,04165421
0,06396335
0,02769312
-0,1400988
-0,0516306
-0,01547584
0,05031537
0,04220892
-0,1067155
-0,02941558
0,007196493
0,01841384
0,1134278
-0,126351
-0,09695622
-0,0255942
0,07210691
0,1002218
-0,1803778
-0,1811014
-0,03987799
0,1254345
0,07233035
-0,1260648
-0,08946409
-0,003876349
0,2647685
0,04546771
-0,1236506
0,007323783
-0,07569963
0,1688534
0,06689629
-0,1383084
0,1034937
-0,03798918
0,1577339
0,07307562
-0,06518927
0,07403004
0,09907336
0,1265656
0,08735827
-0,01729036
0,2250392
0,155619
0,3753642
0,09785913
-0,01192563
0,3297753
0,1633932
0,3487256
0,08020529
0,006788192
0,3335329
0,2463892
0,3123879
0,2142237
0,006586495
0,3910756
0,237463
0,2634031
0,1501892
-0,006186174
0,06916097
0,1101813
0,1788237
0,08745431
0,001715448
0,2322457
0,1020556
0,2740364
0,03357416
0,09559467
0,0994413
0,03169767
0,1968502
-0,1240113
0,06054629
0,08920743
-0,03059342
0,1690475
0,01799007
0,1093854
0,05685391
-0,05650615
0,09255752
0,005950291
0,1746369
-0,02958032
-0,1991341
0,1416434
-0,1529318
0,3815031
-0,1489228
-0,08014313
0,2197988
-0,227382
0,1451949
-0,2344049
-0,05254748
0,3778903
-0,1903871
0,05332145
-0,2178306
-0,1090709
0,2304036
-0,1487713
0,009699742
-0,02516591
-0,08013416
0,08286706
-0,03532876
0,08259135
0,02963916
-0,06106096
0,03379187
0,03857969
-0,01746703
-0,0383752
-0,0303411
-0,03686209
0,01116601
-0,03787848
0,06441205
-0,08211077
0,08829379
-0,05982106
-0,04505637
0,03895658
-0,06939234
-0,06166387
-0,02471506
-0,1373806
0,009645307
0,02635355
0,03896654
0,1203039
-0,09235792
0,01194282
-0,03830988
0,02457104
0,1060669
-0,1494511
-0,1295891
-0,04531471
0,0776908
0,01331197
-0,128494
-0,1725985
-0,03648933
0,1353592
0,1619858
-0,1147368
-0,1229556
-0,009759622
0,02140353
-0,007274671
-0,07521825
-0,1180658
0,08180653
0,07562092
-0,03878296
-0,01244965
-0,112092
-0,03831467
0,09027851
0,05891449
-0,03495575
0,0009479775
0,001140557
0,1892709
0,0471597
-0,003887603
0,1175088
0,04121852
0,1325394
0,002264968
0,07823368
0,2468872
-0,003490416
0,4506988
0,1533017
0,07637471
0,4308886
0,1116961
0,05632316
0,1509358
0,1204751
0,129877
0,079886
0,1578535
0,08682072
0,2199075
0,1962141
0,1617711
0,4746308
0,1518149
0,1653823
0,1714728
0,1771308
0,2616268
0,1460142
0,2226683
0,3593218
0,07142091
0,2514806
0,2052705
0,1080176
0,1352948
0,05658166
0,189934
0,1444919
0,01479173
0,1828372
0,00937746
0,08447275
0,1798213
-0,02331366
-0,0006197178
-0,03810304
0,1452447
0,2331408
-0,02797271
0,06615999
-0,07368334
0,08472015
-0,06369046
-0,01545837
-0,02319145
-0,06417528
0,07668269
-0,03103625
0,2306865
-0,192351
-0,1606625
0,3775368
-0,2193761
0,2653916
-0,3670842
-0,02854758
0,5707988
-0,1816846
0,06612979
-0,2069293
-0,07081047
0,4569583
-0,03411369
-0,08642423
-0,1219533
0,04325913
0,1096644
0,01970236
0,0334098
-0,006115966
-0,07366115
0,09546847
0,02674451
0,07789757
-0,05805994
0,03231976
-0,0438916
0,07826701
-0,03868911
0,04145334
-0,08259202
-0,01004111
-0,07784384
-0,02068169
-0,02726297
-0,02273013
-0,06821198
0,04839407
-0,1178163
0,003515266
-0,01865278
0,02405669
0,1427104
-0,2160789
-0,02180104
0,01770821
0,01006296
0,08609847
-0,2020341
-0,1167612
0,1013296
0,1159184
0,1011454
-0,1406628
-0,08722927
-0,01459532
0,04225177
0,117937
-0,1054943
-0,1196963
0,09413423
0,006807583
0,0625221
0,08649555
-0,1184975
-0,0163747
0,06545957
0,1106751
0,1308225
-0,09371755
0,06304596
0,1319839
-0,02725536
0,02592177
-0,001050677
0,0311466
0,1096017
0,03617932
0,06122537
0,006018644
0,02611263
0,2185425
0,08689471
0,05480118
0,1899012
0,1140496
0,08663516
0,1318239
-0,01978745
0,4313284
0,07556037
0,0483782
0,05675656
-0,06934781
0,09291939
0,005218138
0,2144215
0,0735051
-0,02813625
0,1444097
0,05620029
0,1506071
0,1463262
0,07963404
0,3572516
-0,08564187
0,2689675
0,08538751
0,02806666
0,2399543
0,005812544
0,155476
0,251558
-0,01948828
0,1106085
-0,0355668
0,1541128
0,2189279
-0,07055293
0,09375623
0,007083799
0,2179357
0,09230322
-0,05491909
0,04120987
-0,06353661
0,2078663
0,04332234
-0,03638171
-0,03699762
-0,06000532
0,1310717
0,01875687
-0,07524047
-0,02140937
-0,06327897
0,1392013
-0,02530536
0,1908125
-0,1533041
-0,04839315
0,3753225
-0,1725689
0,325323
-0,2268662
-0,1678375
0,6713423
-0,3333482
0,08099524
-0,2699876
-0,1427285
0,4952736
-0,1511448
0,04283487
-0,07913008
0,002005943
0,06966209
0,01097071
-0,08911584
-0,03424208
0,07437956
-0,050711
-0,08373231
-0,0129087
-0,02672744
0,0662726
0,07941578
0,06259061
-0,04265307
0,02990756
-0,04415645
0,01592698
0,09350637
-0,1267236
0,07611479
-0,04021212
-0,06153762
0,04625481
-0,1301312
0,04179079
-0,06748398
0,1016679
0,07562275
-0,2005918
-0,009090273
0,03342588
0,05572807
0,2121696
-0,1459174
-0,2058724
-0,003686464
0,07042661
0,04684449
-0,016043
-0,05642682
0,02162861
0,02420529
0,02228976
0,07321023
-0,09125455
0,1203454
-0,04625183
0,01126017
0,05618035
0,05689142
-0,006117336
0,06130449
0,026734
0,08773992
0,03239488
0,06747384
0,009868503
0,02774489
0,1735245
0,03880689
0,1470827
0,08890653
0,002356758
0,05585925
-0,05387539
0,0641266
0,178515
0,08002418
0,04650878
0,04729881
0,03566024
0,2028627
0,1252952
-0,06545477
0,1934535
0,000579603
0,131546
0,08511976
-0,3047684
0,3879277
-0,07382254
0,01756001
0,2631045
-0,1650652
0,2857268
-0,06495569
0,04118284
0,3066661
-0,1845703
0,05845064
-0,1928177
0,046528
0,1708239
-0,02449846
0,1005865
-0,1598837
0,102354
0,2825976
-0,06940185
0,06095334
-0,2242302
0,06684397
0,224765
-0,0189794
0,06036453
-0,144048
0,08647043
0,1339476
-0,01772558
0,06408658
-0,1443055
0,1495469
0,1090525
-0,01481434
-0,05807882
-0,1014735
0,1989411
0,09162839
-0,03781367
0,03187461
0,01819929
0,3057908
-0,01797146
0,1553186
0,005774303
-0,03507189
0,5450978
-0,1846096
0,2095978
-0,171939
-0,1587562
0,7445265
-0,3404004
-0,01587048
-0,1916916
-0,02900465
0,5002836
-0,1052156
-0,08183293
-0,1053986
-0,09578323
0,2282762
-0,04006216
-0,08217701
0,04290118
0,001438145
0,06539341
0,03899321
-0,07098638
0,03011168
-0,06466971
-0,03991101
0,04991666
0,006812118
-0,07504886
-0,08719896
-0,06345809
0,07926708
-0,1145795
-0,08087584
-0,0820445
-0,00610783
-0,008936368
-0,1945291
-0,01080167
-0,01987921
0,006645749
0,1594331
-0,1310998
-0,0764697
0,01454879
0,08810566
0,1533816
-0,02508244
-0,03628771
-0,02187572
0,0323292
0,01120019
-0,09723255
-0,04306251
-0,02533174
0,06779093
-0,06441607
0,1249797
-0,01868462
0,09818606
0,006759993
0,05476738
0,1657947
0,002539006
0,09450177
0,1287422
-0,0491276
0,1821444
-0,05423015
-0,03989222
0,06511102
0,05621354
0,184255
-0,03077067
-0,003323191
0,02596884
-0,1043855
0,2068365
0,003322023
-0,08855212
-0,01452041
-0,1016803
0,167291
0,0552426
-0,09276707
-0,09512737
-0,1445402
0,03568226
-0,07775118
-0,1899749
-0,008549656
-0,03549231
-0,2558391
0,2724285
-0,1654423
0,02632292
0,1558935
-0,2719129
0,1316195
-0,2671
0,02508016
0,346696
-0,2215985
-0,008394827
-0,1718718
0,1454183
0,3514311
-0,1440011
0,09276619
-0,1105314
0,06235063
0,2027557
-0,1306649
0,1803232
-0,03358871
0,07223624
0,1595973
-0,03055691
0,007082511
-0,01293646
0,1357375
0,1732535
-0,1460701
0,08308298
-0,1398029
0,1320206
0,1458727
-0,1233149
-0,03491686
-0,0009933128
0,1474487
0,1380935
-0,01577294
0,154319
-0,0618634
0,1157195
0,1431694
-0,08601454
0,2136302
-0,0190794
0,4596098
-0,1686925
0,0867398
0,04350996
-0,191967
0,5528268
-0,3083645
0,03804677
-0,1407575
-0,174051
0,49777
-0,08106774
0,01469923
-0,1254323
-0,08975292
0,1542153
-0,02768455
-0,0885402
0,0169758
0,06628913
0,07763447
0,08873885
0,0856891
0,01105912
-0,009940861
-0,08230056
0,07405291
0,01012983
0,05080094
0,07306468
-0,07594172
0,0501249
-0,04787253
0,02454618
-0,04211622
0,08876571
0,08818462
-0,1094755
-0,009115255
-0,04083826
0,07968985
0,1604014
-0,1405452
-0,1202715
0,07853776
0,01531045
0,1540142
0,1048488
-0,06269153
0,0214616
0,02567515
0,05138266
0,09241541
-2,159069E-05
-0,1122026
0,1382893
-0,00691863
0,1482708
0,009075276
-0,05340568
0,02154963
0,01506366
0,3498842
0,06675683
0,0687487
0,1271955
0,0146741
0,2422169
0,03989951
0,0003260477
0,07644542
-0,02767329
0,4068669
-0,1149059
-0,05110443
0,06641757
-0,03237777
0,2510222
-0,129577
-0,2076648
0,08370288
-0,05961591
0,3421789
-0,2420997
-0,1880989
0,001440138
-0,142532
0,1979738
-0,00234325
-0,1544668
0,2011805
-0,0276738
0,02613297
0,2063338
-0,01028773
0,1904141
0,2775411
-0,05372443
0,09960648
-0,05120888
0,0281621
0,3668841
0,07288489
0,04892999
0,1446836
0,07535701
0,2906688
-0,01294709
-0,04520874
0,03692763
0,1294717
0,09730709
-0,02032646
0,1663923
0,1026719
-0,0042219
0,3949187
0,03355857
0,1733719
0,1708609
-0,02671156
0,1750996
-0,02728742
0,1975576
0,1095432
0,0583112
0,2119994
-0,05924462
0,1946579
0,1178274
-0,1029576
0,09967778
-0,1866261
0,2599635
0,06647714
-0,02480948
0,08719638
-0,01063341
0,2417802
-0,003037764
0,0768225
-0,1013557
-0,03073261
0,1905722
-0,0006576961
0,2473542
-0,2236377
-0,02935006
-0,09095924
-0,03549996
0,2631629
-0,01632076
-0,02204884
-0,04798511
0,01869209
0,1419878
-0,08559396
0,01098289
-0,03997064
0,03458448
-0,00809102
-0,07568748
-0,0847808
-0,06938772
-0,01457385
0,07699384
0,08268904
0,01460624
0,05630228
0,06922511
-0,03532746
0,01349818
-0,1522646
-0,03087467
-0,02415381
-0,0001391569
0,06098854
-0,06027532
0,04232984
0,03745333
0,04328561
0,07541832
-0,1173884
-0,1087381
-0,06226715
0,1225031
0,2315892
0,04881437
-0,06277461
-0,199313
0,01930016
0,002808985
0,2357178
0,1386162
-0,3477617
0,06113305
-0,02404818
0,3158211
0,04427436
-0,2168224
0,06944349
0,09906255
0,2736646
-0,02391535
-0,05681894
0,1487072
0,06817985
0,4306235
-0,08631349
0,03482598
0,06829084
0,05162626
0,2815732
-0,02186512
-0,175352
0,163235
-0,01489329
0,2526093
-0,3450449
-0,2423219
0,1245453
-0,101479
0,2208021
-0,1139283
-0,147227
0,05562609
-0,2296307
0,431914
0,03388264
0,02026518
0,3107103
-0,1614894
0,06938736
0,3320482
0,2557073
0,1166409
0,2459188
0,2252745
0,09674026
0,2647711
0,0219165
0,2345188
0,1461793
-0,3560114
0,3345309
0,06730361
0,3205394
0,1759701
-0,1608311
0,1359526
0,142697
0,2253242
0,1016062
0,09520826
0,2010687
0,001581982
0,1636463
0,0534028
0,1307999
0,2288276
-0,05242721
0,06854967
0,0498491
0,1058147
0,2260563
-0,08664207
0,1039364
0,09287866
0,1844224
0,1473463
-0,1892677
0,06799052
0,1433559
0,2633395
0,05426905
-0,3090828
-0,04152517
0,1407722
0,2540746
0,0358149
-0,1969073
-0,1014441
-0,105282
0,132366
0,01989015
-0,005268173
-0,1799691
-0,03718068
0,07185084
0,0622737
0,1430538
0,003283942
-0,08674344
0,0191654
-0,02340576
-0,007136269
-0,05570048
0,07474741
-0,04661962
0,01002834
-0,0219255
0,03565006
-0,008062149
-0,03370679
0,01741922
0,00769753
0,07744429
0,06957059
0,05499348
-0,06579354
0,08501123
-0,01578071
0,0005106358
-0,03031655
0,06392751
-0,04949578
0,1253605
-0,1343957
-0,02726561
0,004583391
0,0009730514
0,1497661
0,1039622
0,01331846
-0,1815187
0,02640784
0,1622646
0,2679853
-0,02655989
-0,3239765
0,1077328
0,09361827
0,3576382
-0,03100949
-0,3336822
-0,01625442
0,05146172
0,3491708
0,03483604
-0,2368786
0,05356663
0,1214962
0,2369458
-0,0464456
-0,06171225
0,0154709
0,04211944
0,1275823
-0,05976789
-0,2273796
-0,002205642
-0,0846194
0,1987836
-0,07013644
-0,2351595
-0,07523102
-0,101011
0,1256974
-0,3278742
-0,1789302
0,1223652
-0,1909387
0,1136708
-0,2352709
-0,002533646
0,2513482
-0,2937341
0,1894977
0,2360183
0,369579
0,2341666
-0,02026161
0,2981691
0,4508847
0,4904986
0,07738259
0,2410109
0,3829333
0,08518463
0,507791
-0,008250775
0,2809787
0,2629581
-0,1461063
0,423207
0,1623965
0,2968924
0,2667039
-0,1312685
0,2399725
0,1486334
0,2021974
0,1803876
-0,01631378
0,1935434
0,05438827
0,1407399
0,1605719
0,01181364
0,1350054
-0,04812674
0,08035507
0,01435028
0,02029029
0,006361727
-0,04764019
0,1210543
0,1784446
0,04302002
0,005904312
-0,286185
-0,02454009
0,209609
0,1458726
-0,0644176
-0,261539
-0,07854338
0,05059077
0,2371208
-0,05607441
-0,3061906
-0,2525452
-0,08292192
0,07399142
-0,01164676
-0,03963951
-0,2064306
-0,2203836
-0,04543391
0,08130577
-0,04024599
-0,04435353
-0,1344951
0,0326368
0,03678322
0,06417046
-0,05952863
-0,009890757
-0,04262189
0,02110505
-0,018646
-0,02226671
-0,01751659
0,02823845
0,07208727
-0,01345125
-0,05505958
-0,05759376
0,03199609
-0,04892563
-0,07056754
-0,08050366
-0,09521624
0,03458507
0,01629941
0,05205695
0,01886543
0,03225297
-0,07846577
0,03725955
0,009729091
0,0359101
0,09585353
-0,03790463
-0,08279432
-0,07868409
0,07284635
0,2419195
0,05419695
-0,3907152
-0,145827
0,004980041
0,280355
0,05289437
-0,2635401
-0,2718297
-0,01771799
0,2350511
0,008846826
-0,1360207
-0,1158598
-0,07975411
0,1127097
-0,01168251
-0,1376363
-0,2434154
-0,06634071
0,1787853
0,04508901
-0,1705234
-0,05298897
-0,102391
0,03937168
-0,04755942
-0,2378438
0,01061867
-0,2129321
0,1895011
-0,1772333
0,01992751
-0,02935674
-0,3370817
0,2404704
-0,06873728
0,1966594
0,09173603
-0,1699267
0,2288642
0,2827969
0,3815606
0,03387707
0,02984129
0,2699611
0,2773251
0,5761441
0,01274192
0,1567769
0,215364
0,113504
0,4715557
0,06499048
0,157669
0,1865027
-0,2668847
0,4474635
0,07091741
0,2845621
0,2019055
-0,1944411
0,1416993
0,2049824
0,1711455
-0,08463847
-0,04376618
-0,02433237
-0,04358783
0,1894992
-0,05649072
-0,1233648
-0,1294917
-0,1659681
0,139668
0,03918761
-0,0647098
-0,1863132
-0,1264413
0,1034428
-0,0165357
0,03972633
-0,08192092
-0,0637891
0,0007795903
0,1468676
0,03526905
-0,009478027
-0,2520328
-0,1065519
0,1049632
0,04788302
0,01091678
-0,1342015
-0,1611235
-0,09312953
0,09080392
-0,03426454
-0,1036793
-0,05883447
-0,1345877
-0,02614558
0,0748755
-0,009149682
0,09603068
-0,06162861
-0,08319033
0,05662147
0,05008062
0,06528222
-0,02838049
-0,01714204
0,00240518
0,06128049
-0,05045369
-0,0695102
0,01826037
0,02432982
-0,05787458
-0,05098852
0,07712695
0,03908566
-0,003322053
0,00992562
-0,0349464
0,05815829
0,07280026
-0,0868441
-0,05035274
0,01292149
-0,03061622
-0,08068726
-0,08162586
-0,06191262
0,1074605
-0,01737199
-0,0959406
-0,1087802
-0,06335646
0,1156836
0,01685639
-0,02218305
-0,243108
-0,1915971
-0,03259359
-0,01535611
-0,1018067
-0,2005696
-0,2716235
0,01455632
0,1086766
0,002414352
-0,146866
-0,2868921
-0,113184
0,09148801
0,04633566
0,002714263
-0,2154559
-0,1880266
0,03720585
0,03944306
-0,07722337
-0,1316846
-0,1558949
0,05197584
0,01297907
-0,1278097
-0,1134074
-0,1736722
0,1267577
-0,2630998
0,1628078
-0,08879129
-0,1332832
0,3305369
-0,1176544
0,2972137
0,1331382
-0,1296576
0,2024902
0,3823192
0,5961599
0,160076
0,04750631
0,1915101
0,09801366
0,6522527
-0,1620595
0,1636773
0,2020865
-0,07949632
0,4764788
-0,01215478
0,3280602
0,1735514
-0,3098833
0,3291467
0,1361713
0,1102582
0,1007752
-0,1722095
-0,06428851
-0,04842919
0,3038956
-0,08883388
-0,1331499
-0,3068644
-0,08028015
0,1822035
-0,115984
-0,2129287
-0,2772268
-0,1419831
0,1365069
-0,051918
-0,10779
-0,2430894
-0,06761503
0,09099796
-0,1103314
-0,08454617
-0,06829698
-0,08795627
-8,743712E-05
-0,06969795
-0,1071069
-0,1817046
-0,1698495
0,03113792
-0,08141416
-0,04212369
-0,04147337
-0,1127597
-0,0415439
-0,1928536
-0,09968863
-0,02567335
-0,06432694
-0,1561608
-0,1404223
-0,08960164
0,1597724
-0,00428997
-0,002992567
-0,1111521
0,01539186
-0,01799333
0,08256561
0,08603787
-0,07027572
-0,001249109
0,01564947
-0,03115879
-0,03672839
0,04796824
0,01710389
-0,05255552
-0,03056976
0,06151501
-0,06153053
0,05559396
0,003577544
0,08060042
0,01641323
-0,002918457
-0,01458472
0,06084589
0,05838588
-0,08239235
-0,06207551
-0,06314401
0,0922816
0,04002892
0,02358191
-0,1864689
-0,01059307
-0,1026239
0,04479568
0,08047972
-0,1775849
0,03132514
-0,02170275
-0,106596
-0,08293183
0,0434885
-0,05882305
-0,09039646
-0,3039029
-0,09571922
0,01988175
0,02102946
-0,07202878
-0,3283981
-0,03303551
0,1758635
0,005813327
-0,06567726
-0,1851759
-0,05459822
0,08078157
0,1292632
0,2402291
-0,1382047
-0,08676495
0,2446756
0,1903964
0,3956354
-0,2110985
-0,1379592
0,2985212
-0,03932397
0,4498592
-0,01732353
-0,1197901
0,260841
-0,06096487
0,5743663
0,2321107
0,09403977
0,1276353
0,1313095
0,6912068
0,08326247
0,2137406
0,2671084
0,1256398
0,650165
-0,2076389
0,07380594
0,1396838
-0,3281683
0,4061602
0,05202498
0,1680613
0,1104701
-0,2275389
0,2162559
-0,07249558
0,1606451
-0,03935725
-0,2194429
-0,1547125
-0,0493913
0,18969
-0,2015897
-0,1761661
-0,323774
-0,1264456
-0,06604594
-0,2249283
-0,1997849
-0,2673691
-0,02266526
0,010954
-0,07649381
-0,1449942
-0,170684
-0,04033091
-0,0005126681
-0,1287639
-0,1852731
-0,13312
-0,04003206
-0,01909693
-0,0692894
-0,0754666
-0,1052741
-0,005044941
-0,04832455
-0,08602376
-0,1340841
-0,07725083
0,07289346
-0,1749545
-0,2118247
-0,1090189
0,1321284
0,01309484
-0,04645401
-0,2765374
-0,03063786
0,1481016
0,02021749
0,02727362
-0,1767207
0,05455669
0,07981316
0,04839566
-0,07890862
0,06023395
0,02754427
0,06408194
-0,02900825
-0,0145682
0,0842923
-0,02904229
-0,02890415
-0,07280938
-0,0102644
0,08257826
0,07411033
0,008221775
0,005478923
-0,03531432
-0,06956145
-0,0470566
0,02992763
0,06742038
-0,01163111
-0,2424999
0,01162439
0,02378582
0,1030931
-0,02212829
-0,3349956
-0,1753852
0,0201619
0,1196949
-0,01477179
-0,3181296
0,03120649
-0,1471716
-0,06081865
-0,1459221
-0,1654413
-0,1174256
-0,2122951
-0,03348726
-0,2385966
-0,0454185
-0,07762816
-0,05096497
-0,2448333
-0,07510772
0,09590378
-0,06561463
0,04044023
-0,2703097
-0,08718428
0,2397198
0,0446098
0,2523876
-0,1388251
-0,1058486
0,0588254
0,4104916
0,4596763
-0,2261918
-0,06329174
0,4036217
-0,02083983
0,6248049
0,0008463004
-0,03341641
0,1748521
0,008494237
0,5952472
-0,0008097276
0,1889451
0,1301725
0,04578993
0,4964249
-0,2512193
0,08725523
0,06297963
-0,1806296
0,4426168
-0,2295638
0,3454265
0,07681104
-0,1691189
0,161752
-0,1315355
0,1961403
0,02099897
-0,07883608
-0,0833554
0,009194935
-0,04582119
-0,1021778
-0,1491774
-0,2600858
0,01320992
0,03838339
-0,09875007
-0,1357273
-0,1745277
-0,007253504
-0,05044733
-0,1470329
-0,1147123
-0,004503346
0,1106268
-0,09710398
-0,109598
-0,1097074
-0,0492201
0,02614114
-0,1264563
-0,1346032
-0,169622
-0,0331232
0,0307939
0,07273649
-0,1994243
-0,1114936
-0,1459289
0,009969139
-0,03420857
-0,244832
-0,03426027
0,02877669
0,05701807
-0,04549156
-0,3508741
-0,09443884
0,06262842
0,05638038
0,007216598
-0,2907548
-0,08269901
0,2474014
0,04250548
0,0685138
-0,1176411
0,06669938
-0,01131264
0,07167298
0,01744542
-0,08922277
0,008201106
0,03100117
0,06019885
0,06546659
-0,06256665
0,01763284
-0,01261645
-0,06088815
-0,0534409
0,007753141
0,08666485
-0,05585847
0,08027376
0,02188087
-0,02248665
-0,01420809
-0,09023548
-0,001337847
0,02365221
-0,1584744
-0,03243568
0,1036769
0,133927
0,07014424
-0,4118702
-0,1608083
0,001784342
0,125742
-0,05605758
-0,1775836
-0,06944079
-0,02307699
0,1508324
-0,1438584
-0,124921
-0,1275946
-0,1852364
0,1760479
-0,2273388
-0,07821742
-0,05404697
-0,1033107
0,02553678
-0,1677087
-0,06921589
0,09475473
0,1342378
-0,06207567
-0,1187201
0,2183544
-0,01392623
0,3163859
-0,1274439
-0,1573298
0,2518047
0,2394634
0,4655848
-0,1972453
-0,1539876
0,2128228
0,1360033
0,497367
-0,1011693
0,02724833
0,07595047
-0,02103412
0,458036
-0,2216619
0,0186573
-0,1013179
-0,1374042
0,3164717
-0,3208627
-0,007869274
-0,0289484
-0,1121415
0,1603967
-0,2816889
0,08973935
-0,003413544
-0,09297016
0,008889994
-0,01270125
-0,03726028
-0,08723883
-0,09168607
-0,03832136
-0,02581114
-0,0325864
-0,1267534
-0,02557002
-0,05746849
0,01777004
-0,0466048
-0,09180639
-0,1131048
0,07350021
0,08910768
-0,01638896
-0,1352782
0,02765078
-0,004751197
0,0300727
-0,02098062
0,01862344
-0,1011925
0,04779549
-0,006161995
-0,02645021
-0,163407
-0,1050502
-0,1102762
0,1012024
-0,02097936
-0,2809391
-0,09345709
-0,06843839
0,1697759
-0,08588678
-0,2827481
-0,09171151
0,09687315
-0,03293452
-0,1838106
-0,2984752
-0,05456277
0,2449331
-0,01918371
-0,1101626
-0,2557271
0,04294339
0,1503691
-0,05427998
0,06089668
0,02234977
0,02499123
0,1007374
-0,02790145
-0,02337841
0,02175383
0,03861834
0,07938437
-0,0002380503
-0,05524829
0,02181957
-0,06215646
0,08554282
-0,03314916
-0,07019451
-0,03588204
0,0003638506
0,004195167
-0,03445202
0,05662614
0,01393632
-0,07565742
0,02557562
0,01498244
-0,06527586
-0,1947656
-0,01330944
0,01051543
0,1788635
-0,001253995
-0,4092624
-0,05185168
-0,02111462
0,1678789
0,01579324
-0,1889942
-0,1476378
-0,0327327
0,2083919
-0,1236015
-0,1185259
-0,03408132
-0,08177345
0,2548942
-0,2085266
-0,1318494
0,004307624
0,08746333
0,1353746
-0,2289546
-0,04946344
0,09140708
0,1706534
0,1447494
-0,2197315
-0,09026982
0,2175082
0,2540126
0,05580032
-0,2477438
0,04231709
0,1188267
0,3002407
-0,07591531
-0,2999463
0,06517284
0,1684463
0,2895609
-0,2287691
-0,2991711
-0,01918395
0,06159909
0,2494521
-0,1067597
-0,1766413
-0,117996
0,001612789
0,1484607
-0,1759734
-0,02976526
0,06448943
-0,03124293
0,1246004
-0,1490535
-0,07993135
-0,02762235
0,03667322
0,07996762
-0,05747402
-0,1647027
-0,03716056
-0,03427956
0,1277134
-0,05155715
-0,1910176
-0,06435218
0,03940983
0,07449808
0,03271881
-0,1706069
-0,09799939
0,053798
0,1807349
0,03868917
-0,1978177
0,0002013434
-0,006833717
0,02703635
-0,0008505664
-0,05401892
-0,0718049
0,05594558
0,03759981
0,06502948
-0,03829493
-0,05404442
0,03506355
0,01981962
0,02052554
-0,1710759
-0,1916399
-0,04722997
0,01250962
0,01498024
-0,2324743
-0,2744827
0,04598252
0,1340797
0,1157105
-0,183308
-0,2388609
-0,1007945
0,1960084
-0,07649329
-0,09525821
-0,176907
-0,06587244
0,05681253
0,02822405
-0,0317467
-0,01801603
-0,002980289
-0,03813287
0,07546546
-0,04798501
-0,08077511
-0,006629244
-0,0603567
0,02825554
-0,06870976
0,06067849
0,06972603
-0,05336674
0,05193032
0,05017423
0,03856596
0,01742304
0,008637615
-0,004051507
0,03852667
0,03931813
0,03534739
-0,08199477
0,040902
0,08361062
-0,244783
-0,08877266
-0,05110177
0,2460525
-0,008008893
-0,3740098
-0,1444706
0,07120688
0,1885708
-0,05726826
-0,2363697
-0,09785559
0,03060364
0,2819109
-0,246854
-0,1720502
0,1171559
-0,05366853
0,2791632
-0,2783504
-0,1286605
0,1426961
0,2193092
0,1684721
-0,1675636
-0,1577841
0,1401345
0,08574019
0,1934518
-0,09593962
-0,08863305
0,1648795
0,1616564
0,1093029
-0,1464156
-0,05040725
0,2236191
0,1641993
0,01209236
-0,2443283
-0,04910837
0,123229
0,07425785
-0,1278594
-0,2620847
-0,0231622
0,05626907
0,1302528
-0,2174681
-0,3039679
0,05713482
0,1313702
-0,005579876
-0,1260833
-0,1740186
-0,000131018
0,05765421
0,1187816
-0,1549525
-0,05644795
0,06360846
0,05299434
0,1361781
-0,152905
-0,2336043
-0,003609241
-0,009957002
0,0827923
-0,1043706
-0,2000653
0,03086745
0,06055294
0,05676729
0,01088917
-0,1082992
-0,02731192
-0,01101418
0,1102277
0,06147026
-0,1879542
-0,08794998
0,05360395
0,1086924
0,1197302
-0,1447264
-0,09856478
0,09178578
-0,002124204
0,1521748
-0,1105819
-0,1472733
0,09876224
0,1229156
0,01727737
-0,1967886
-0,2023993
-0,002413664
0,1854341
0,04756838
-0,1499119
-0,2140892
-0,06263588
0,2563119
-0,0755351
-0,07374939
-0,1818574
-0,03732394
0,1472988
-0,002569958
0,06461775
-0,1350916
-0,02426027
0,02149799
0,05025246
-0,00841303
-0,01023182
0,08416542
-0,0008807659
-0,07088736
-0,05539514
0,0730456
0,03627082
-0,05260234
-0,0427823
0,07493503
-0,03502191
0,03245683
-0,03838227
-0,02623408
0,04243828
0,02877242
-0,07493895
-0,02685853
-0,05974418
0,02870542
-0,02129321
0,02500629
0,001118678
-0,01861461
0,05309327
-0,1579243
0,02247418
0,1013962
0,146244
0,05300963
-0,3208231
-0,05335449
0,04865723
0,1705471
0,01571621
-0,2719695
0,02637774
0,0844432
0,0690143
-0,1697947
-0,1674477
0,1893248
0,173482
0,1395619
-0,1099884
0,01064474
0,04515141
0,1523017
0,1600654
-0,1466496
-0,02879806
0,1061734
0,1217949
0,1700676
-0,02211671
0,001480724
0,1230428
0,1833835
0,06177875
-0,1361054
-0,03998748
0,1203328
0,05158427
-0,007073586
-0,04108172
0,05444193
0,02440309
0,08593732
-0,09221754
-0,07007968
0,05391475
0,08043206
0,08019964
-0,02950335
-0,1064497
0,01376989
0,01503266
0,06809591
-0,06212061
-0,1115365
0,02466525
-0,04009814
0,09211376
-0,09037697
-0,1801887
0,01012502
-0,03276148
0,05712487
-0,09616528
-0,1018544
0,0667007
0,01673285
0,007843472
-0,0266398
0,03581735
0,01402355
-0,1029433
0,1047562
-0,0820309
-0,09903596
-0,1031318
-0,04423692
0,09973987
0,02944481
-0,1255785
-0,1738306
-0,0380994
0,1493639
-0,02813084
-0,05453032
-0,03106504
0,1061845
0,1247038
0,0131115
-0,03855464
-0,09939983
0,07269721
0,08742788
0,08340657
-0,205046
-0,05109443
-0,008951488
0,224857
0,04275618
-0,2455083
-0,2053857
-0,09142381
0,1645162
0,01582042
-0,04562861
-0,0717726
-0,005870345
0,04016108
-0,03798334
0,01824453
-0,08220173
-0,009219958
0,0890044
-0,06590732
-0,05498142
0,07245092
-0,06697408
-0,01333198
0,02839097
-0,03475294
-0,08069827
-0,0523193
-0,01410221
-0,063026
-0,04526969
-0,06282771
-0,04434557
0,08326415
-0,07208455
0,05694583
0,001640632
0,06168219
0,03139208
0,009685676
-0,08216611
-0,04657972
-0,06559226
0,08071997
0,08211014
-0,06793009
-0,04516805
-0,005787319
-0,03525543
0,1009114
0,03943459
-0,1481552
-0,05299765
0,05319586
0,1293294
0,04376343
-0,2548844
0,1392317
0,127247
-0,05434191
0,07788932
-0,1964805
0,2732221
0,1854827
-0,03492768
0,0475856
-0,1867477
0,1146797
0,2097306
0,06921404
0,004453208
-0,007918402
0,1674446
0,2291412
0,1435091
-0,02759137
-0,01806528
0,1743734
0,1162888
0,1681862
0,04729979
-0,06674451
0,06474788
0,1853264
0,1153136
0,02638364
-0,0292518
0,05043593
0,001556852
0,2548883
-0,08793015
-0,01135157
-0,01175702
0,006699483
0,1805659
-0,05967985
0,1048229
0,1464533
-0,01631854
0,0938099
-0,1763659
0,03616757
0,1491066
-0,00907071
0,07668485
0,0746422
0,001850425
0,1353671
0,00781475
0,02072332
0,04101209
0,01587283
0,05309677
0,02641897
0,07158098
-0,07722519
-0,01705443
0,03082756
0,02057243
0,02449425
-0,1027526
-0,03107397
0,0306744
0,07710246
0,03924353
-0,1125469
-0,001981032
-0,01324706
0,09773188
0,09373683
-0,117527
-0,131603
0,07420079
0,189876
0,03010077
-0,1471255
0,0360053
-0,1073191
0,1137699
-0,05645974
-0,1211922
-0,1169044
-0,07286602
0,1804384
-0,03705487
-0,1290726
-0,0004332655
-0,07901851
0,0007530939
-0,0585628
-0,04076683
-0,05620696
-0,08267829
0,01326603
0,02453648
0,008161661
-0,04011954
0,03570388
-0,0258737
0,06611031
0,07466654
0,002476714
-0,03891006
0,01223718
0,07484938
-0,01671839
0,05712409
-0,06183142
-0,00583194
-0,06818581
0,07498392
0,0161836
0,03110951
0,004550442
-0,05990039
0,07187392
0,05088998
0,0191068
5,566814E-05
0,03586244
0,001495389
0,06460648
0,0860579
-0,07199643
0,05510432
0,01812453
-0,1011598
-0,07533555
-0,003324403
0,0715556
0,05172547
-0,2397965
-0,1207296
0,05537684
0,09384797
-0,04295707
-0,133551
0,02965305
-0,03819054
-0,01770823
0,08228035
-0,2109111
0,1299727
0,02539263
-0,03041763
0,1268823
-0,07841277
0,1443079
0,1571389
0,08061659
0,1954918
0,08683788
0,1298117
0,2380269
0,04654857
-0,07293662
-0,01396085
0,1652275
0,1760882
0,1654541
-0,02493187
0,100967
0,1807619
0,2358069
0,3052624
-0,02033369
0,1278278
0,2500565
0,2517485
0,3261011
0,06552437
0,1214332
0,2441212
0,2872258
0,3060741
0,008317076
0,1195568
0,2171305
0,2755216
0,3779097
0,0268072
0,1707701
0,2227768
0,2125712
0,1951863
-0,005778899
0,103368
0,1474466
0,2379037
0,05875345
-0,003570679
0,1557541
0,2118241
0,1194032
-0,02598564
-0,06640804
0,08133079
0,2085491
0,1610532
-0,09185656
-0,01236134
0,1296181
0,05411787
0,2502488
-0,03902146
0,0127926
0,1221851
-0,101139
0,1203343
-0,002121893
-0,1761745
0,2198106
0,02055617
0,1780988
-0,09300929
-0,2305539
0,1131731
-0,04524433
0,1124307
-0,005519359
-0,2244112
-0,01288198
-0,08272588
0,1097644
-0,1001735
-0,004003506
0,05829237
0,08295722
0,07036085
0,01726359
-0,1120997
0,008118761
0,01508896
0,05427892
0,01390963
-0,06056928
-0,06638836
-0,08240371
0,04096477
0,05508603
-0,0432129
0,05331195
-0,002428937
-0,08814976
-0,04600264
0,004385391
-0,04032758
0,008810774
-0,06473201
-0,001457024
-0,07369033
-0,01634048
-0,04855699
0,04903775
-0,068345
0,07352754
0,01038813
0,05496888
0,06010656
0,03947786
-0,06145512
-0,07398091
0,01647692
0,05974764
0,06322296
0,04428184
0,01554634
-0,006703978
-0,02870936
-0,03294498
-0,07239304
-0,1138075
-0,005148405
-0,08870189
0,0770512
0,0922434
-0,01419754
0,04358396
-0,08511336
0,077837
0,1832711
0,005102418
1,426939E-05
-0,08569891
0,1953282
0,2314279
-0,060585
-0,1064648
-0,06635767
0,1911192
0,2149294
-0,01265619
-0,07820452
-0,02838854
0,1710857
0,1363188
0,01745185
-0,1179671
0,1414192
0,2172896
0,01605945
0,101413
0,02442274
0,1423359
0,2470258
0,1242006
0,0263138
-0,07680826
0,1670005
0,2681507
-0,01673306
0,02485479
0,0138057
0,2384585
0,2361021
0,004649061
0,04408579
0,00820439
0,2272349
0,3050319
-0,05651974
-0,04636082
-0,03972471
0,3094862
0,1951737
-0,09623586
-0,04444216
-0,03790352
0,284372
0,1828683
-0,06642921
0,06787787
-0,04630421
0,211431
0,1116623
-0,1335305
0,2034987
0,05550241
0,07889257
0,1249711
-0,1202497
0,2137201
0,0429914
0,1331662
0,1281325
-0,03608104
0,2553824
0,1414658
0,03213771
-0,03761493
-0,1396249
0,298875
0,0552171
-0,08473017
-0,04749752
-0,01516418
0,2778457
0,04240321
-0,05174206
0,05611661
-0,08169942
0,1327197
-0,006107851
-0,06712131
0,05706212
-0,04941427
0,102118
0,08375293
0,03877321
0,02724751
-0,0744556
0,05043705
0,0457322
0,07127475
0,06833828
0,01432437
-0,006120608
-0,03178447
-0,03109545
-0,00808568
-0,05868798
0,07717124
0,05828349
-0,03119616
-0,0334959
0,04905604
0,01542973
-0,071817
-0,06793798
-0,04511071
-0,0848204
0,02914919
0,04104833
0,06147315
0,07084771
-0,05639485
0,04065409
-0,05678245
0,007821618
-0,03716588
0,08427408
-0,03917355
-0,07171528
0,02693532
0,03642979
0,04742647
0,07055225
0,009419459
-0,07781473
0,02441206
0,01897566
0,00027103
-0,07025286
-0,0470292
-0,03574019
-0,02478963
0,03867841
-0,0004551701
-0,04914821
0,0272822
0,1572882
0,02528092
-0,1308609
-0,08408409
0,0924449
0,07713089
-0,0202544
-0,07403491
-0,01854882
0,1780997
0,2233583
-0,08889066
-0,18566
-0,01846956
0,1615224
0,3091715
-0,03661312
-0,1018644
-0,03485422
0,2976508
0,3051747
-0,1050089
-0,07764149
-0,04114544
0,3231327
0,3107449
-0,05040924
-0,07159189
-0,02397776
0,3538677
0,2679344
-0,1129942
-0,02524953
-0,1243581
0,3585621
0,3241455
-0,1182887
-0,03516368
-0,06742174
0,3929109
0,3238988
-0,107958
-0,002707688
-0,05130472
0,3483463
0,2420341
0,02526954
0,01267236
0,003594168
0,2746827
0,2213192
-0,003884541
0,0765774
-0,02099932
0,4434439
0,2340969
0,02228295
0,1927807
-0,02705299
0,2968272
0,2409166
0,1036185
0,1545769
-0,1526022
0,2824946
0,1570731
0,08447012
0,2131501
-0,05994758
0,2854359
0,1150364
0,1473031
0,1193915
-0,0507376
0,106563
0,01408387
0,1369116
0,1124766
-0,06555372
0,1098704
0,074389
0,02755346
0,06021497
0,03220575
0,02563382
-0,06032825
0,1129856
-0,005130744
-0,02829842
-0,003181849
0,00739151
0,07483828
-0,05721248
0,004217566
0,03862764
-0,02259362
-0,0333357
0,05243127
0,08544473
0,01935705
-0,005418876
0,04693482
-0,007240702
0,06529961
-0,05590041
-0,04139471
-0,06073751
-0,05768517
-0,009555833
0,02570796
-0,06708264
-0,06726263
-0,07165047
-0,07647733
-0,00606147
0,0248069
0,08482012
-0,0859647
-0,06863234
-0,03775715
0,04011719
0,06691001
-0,07794864
-0,07968008
-0,06503197
0,04985223
-0,01402129
0,01868416
-0,03704436
-0,008635932
-0,01880831
-0,01151416
0,04480094
0,06856733
0,01295196
0,01262143
0,08942177
-0,008100493
-0,07974584
0,0421929
0,05491418
0,02042082
0,03921298
0,02281731
0,02755427
-0,03023412
0,02703945
0,01711424
0,06093344
-0,06070385
0,1721129
-0,09412837
0,02429755
-0,03485006
-0,06922705
0,238033
-0,1118232
-0,05057666
-0,06006011
0,06279916
0,2471709
-0,1343598
-0,02597388
0,01057119
0,09132503
0,246503
-0,136202
0,09254009
-0,05026271
0,06579217
0,2814367
-0,08342423
0,001597271
-0,1029503
0,1124131
0,1819488
-0,006902799
0,0533113
0,01564316
0,02998375
0,341252
-0,0936587
0,0978046
-0,145678
0,1320484
0,2887178
-0,1486413
0,05678887
-0,05014191
0,1729152
0,2690948
-0,05522449
0,01288865
-0,03851377
0,1815495
0,2284379
-0,1195218
-0,009705738
-0,09933615
0,1561354
0,2036061
-0,0223764
0,008308343
0,02745334
0,1009302
0,1684108
-0,002404295
0,1476447
-0,006107902
0,0629685
0,1446573
0,1134301
0,05733493
0,0321531
0,1394375
-0,0383602
-0,01986427
0,001383072
0,05981602
0,02770963
0,001987562
-0,008719007
0,03910107
0,03175533
0,02754652
-0,00982566
-0,0451842
-0,06075463
0,07212047
-2,411949E-05
0,07070728
-0,06742637
-0,03503927
-0,07111621
0,03529474
0,04678497
0,02441992
-0,05101896
0,08585152
-0,04179872
-0,01410616
0,07308725
-0,08183578
0,04805727
-0,06887797
0,06679743
0,02501505
0,07701541
-0,001809984
-0,03619644
-0,03312728
-0,06717119
0,01919024
0,06845267
0,02329429
-0,08387519
-0,07220842
0,06534615
-0,02892936
0,07778446
-0,07381206
0,03669277
-0,06537374
0,0596155
0,06171446
0,05512767
-0,005464049
0,03504439
0,07517598
-0,04570566
0,03486525
-0,06180843
-0,04856119
-0,08532643
0,0646881
0,06193313
-0,05352524
0,05829407
0,05365455
-0,08442633
-0,03970475
-0,08659061
-0,05015691
-0,03436821
-0,02491958
-0,03070196
-0,08872579
0,04623568
-0,02112913
-0,06699112
-0,02808875
-0,0994705
0,07617567
0,04614314
-0,01474042
-0,01854377
-0,0422293
-0,04591767
-0,08748317
-0,0507815
0,01590427
0,00605752
0,0505464
-0,0258216
-0,004473847
-0,00582776
-0,09731594
-0,002047229
-0,01203521
-0,02391926
-0,01630117
-0,01075795
0,05668922
0,06018559
0,06432086
-0,02462727
-0,09545965
-0,03146439
0,06438134
-0,06290933
0,05072369
-0,1359109
-0,07981408
-0,03493965
0,07970492
0,06525774
0,02244071
0,03833622
-0,03201768
0,04983612
0,001529965
0,002849263
0,03930182
0,04731616
0,05177634
0,071556
-0,005109881
-0,07273497
0,01134421
0,0009636046
-0,007868991
0,03830608
0,08075073
0,006596662
-0,06984454
0,08830538
-0,08359995
0,03224159
0,02907648
-0,06324784
-0,0503941
-0,06028606
0,0810395
-0,06317628
-0,07715648
0,002951276
-0,03734583
-0,01693064
-0,03137479
-0,05610166
0,04134579
0,002572962
-0,03862525
-0,0675541
-0,001649521
-0,02303038
-0,04350634
-0,02908007
0,04956633
-0,04237349
-0,05604401
0,01713635
-0,0521924
-0,01739058
0,03203678
0,02733698
0,006840808
-0,005344069
-0,03233991
-0,01553045
-0,00285786
0,08401668
-0,007582895
0,05739903
-0,02989971
0,03226288
0,02812207
-0,07009117
0,08071625
0,05136885
0,006264656
-0,118081
-0,7660369
-1,443735
-1,117259
1,123166
0,130817
0,09646767
-0,7284033
-0,2934475
0,7118472
1,205638
0,6375541
-0,4940988
-0,3764976
-1,967042
-0,4607709
-0,7946261
-0,7748983
-0,5566939
-0,5653831
-1,070337
0,1258719
0,6931906
-0,2252393
-0,3644871
-0,5617272
0,5523533
-0,5715609
0,2100785
-0,5724047
0,09508656
-1,391982
-0,3717812
0,7191942
-0,774094
0,7554601
-1,129441
-0,1251812
0,1712982
-0,308339
-0,9488231
0,6056933
-0,3212851
0,2914427
0,3843922
-0,8916106
-1,748975
1,901548
-0,5297019
0,672385
