784,6,10
-0,03335634
0,02318082
-0,01227175
-0,006875833
-0,01400003
-0,04783244
-0,01707071
-0,04215463
-0,07992339
-0,06037557
0,04999143
-0,05998063
0,01929334
-0,001442431
0,005379336
-0,03579541
-0,04140607
0,01696004
-0,06050585
-0,07876213
0,0367814
0,03706091
0,07448086
0,01194663
0,04893004
0,07349344
0,05199966
-0,02981812
0,07365093
0,002275127
-0,07420513
0,0741514
0,0596071
-0,06792623
0,0553932
0,06282179
-0,008151814
0,06019952
0,0543049
3,31406E-05
0,01611185
0,01170007
0,03017674
0,004251393
-0,08207159
0,05720129
0,05976398
-0,03160759
-0,02185712
0,05671017
-0,08339398
-0,04546517
0,03813978
0,0809511
-0,01960464
0,05741408
0,04967679
0,0802043
-0,009017114
-0,04657051
-0,01638512
0,06568448
0,05416868
0,08042748
-0,05540568
-0,04868004
-0,03553848
0,03021759
-0,06419051
-0,06829868
0,03352884
-0,01682633
0,05795357
0,02278631
-0,05623142
-0,002138238
-0,06738222
-0,01043984
0,04439954
-0,09013281
-0,0325576
0,02292878
0,108833
0,04658471
-0,004579963
0,07461751
0,08441325
0,007480836
-0,02556026
-0,05620882
0,07229388
0,02320834
-0,02414314
-0,04108342
-0,07534817
0,04426218
0,07990739
-0,005214916
-0,04851605
0,02898932
-0,05565936
0,07413127
-0,003108535
0,03288306
0,05661896
0,01373213
-0,07850733
-0,03573415
-0,06518099
-0,005467259
-0,007463197
-0,01804708
-0,0708129
-0,02596368
0,03389491
-0,07501955
-0,05362058
0,08486134
-0,003967959
0,0187505
0,03628243
0,006941917
0,08450028
-0,02905077
-0,07159877
-0,07870498
0,06882092
-0,04016927
0,05348746
-0,04137146
-0,002567218
0,01235994
0,06444059
-0,0355007
-0,03142903
-0,0598388
0,05777143
0,002336471
0,0820405
-0,009669902
-0,0847411
0,001127206
-0,07063527
-0,05770553
-0,07105915
0,07387411
0,01087586
-0,04356752
-0,03669778
0,0007723983
-0,008599311
0,006001574
-0,03430882
-0,01418527
-0,00902704
-0,0318064
-0,06223746
-0,04964731
-0,0444838
-0,05417069
0,0672769
0,06606527
-0,05010142
0,04846669
-0,08317016
0,00411202
-0,08587779
0,01445821
-0,06520172
-0,02602949
0,03752328
0,0755128
0,03759157
0,02112254
-0,01647931
-0,02085551
-0,04264516
-0,01452968
0,02453648
-0,05440008
-0,06640643
-0,002431904
0,01509786
0,0166802
-0,06306882
-0,05132916
0,06086409
0,06886861
-0,005360352
-0,05285143
-0,03141334
0,003224021
0,02504316
-0,007546734
0,08619556
0,01119733
0,05418657
0,01843938
-0,05989299
-0,05444287
-0,03541008
-0,04298337
0,08677752
-0,001830864
0,01199899
-0,0337562
0,01521973
-0,001145436
0,0570148
0,06176501
0,03369566
-0,07070126
-0,04992402
-0,04803811
0,0406839
-0,02486888
-0,07738174
0,03636173
0,06508235
-0,1029164
0,09156495
0,0236768
-0,05514639
-0,03394736
-0,02948449
0,00902011
0,06266114
0,08479798
0,06168298
-0,03259782
0,07997567
-0,05029428
0,08363283
0,01053243
0,02479799
0,04513776
0,03438191
0,01700312
0,1792846
0,01451936
-0,04813034
-0,08362607
0,01811069
-0,145094
0,2188352
-0,03044613
-0,0975427
0,01007678
0,10475
-0,09241289
0,1273837
-0,04824939
-0,008745147
0,04103401
0,006669745
0,1265942
0,01023893
0,02534598
0,04537024
-0,04551841
0,1470084
-0,05083432
0,01277984
0,04950273
-0,0278951
0,04654903
0,2467272
-0,001185857
0,1098166
0,07162587
-0,08265882
-0,08081519
0,1542217
-0,08553033
-0,01590726
-0,02637712
0,08113004
0,07121821
-0,03023792
-0,1121936
0,08851469
0,07890569
0,0422397
0,02052679
0,0015377
0,03532093
0,0693923
-0,01489059
0,08075604
0,06230691
-0,06557607
-0,08685214
0,03070144
0,008584996
-0,007454882
0,02273877
-0,05376363
0,03704872
0,08356205
0,08666297
-0,07541516
-0,02997272
0,05511654
-0,0242092
0,05255688
0,09828445
-0,04614539
-0,0699456
0,07553734
-0,01136407
0,1261702
0,02088946
-0,01827237
0,06967796
0,07161554
-0,05173638
0,01633586
0,02121098
0,07105163
-0,04967087
0,02260024
0,07662538
-1,48001E-05
0,01749314
0,05409305
0,02832566
-0,05139088
0,006295406
0,05621322
-0,06967142
-0,003461843
0,06806251
-0,06525896
-0,08281733
0,008468971
-0,02585339
-0,04361726
-0,08488662
0,06285636
-0,01748099
-0,0715371
-0,05165665
-0,02992799
-0,03035049
0,0371148
-0,0589376
0,07665604
0,03046045
0,03227901
0,07217429
-0,08334053
0,007972464
-0,07387885
0,08166934
0,06239099
0,07901453
0,04679634
-0,05402865
0,01791923
0,01336106
0,008954354
0,08059538
0,03396816
-0,04893662
-0,0427994
0,06966294
-0,0277623
0,0811367
-0,08477793
0,007141162
0,06382864
0,05784511
0,05531403
-0,0300167
0,004940032
-0,03695613
-0,01926025
-0,003118454
-0,09643792
-0,01563961
0,1032263
-0,08461209
0,1966419
0,09393747
-0,07247923
-0,01228116
-0,0003722059
-0,1677814
0,2830581
0,01755994
0,08608061
0,03618465
0,1698551
-0,2307697
0,3200088
0,1324522
0,05169715
-0,02269637
0,2343088
-0,253199
0,5549216
0,1139092
0,09700357
-0,2047405
0,3005589
-0,2733747
0,5610489
0,03255267
0,1788742
-0,1277658
0,3126743
-0,3796962
0,5293804
0,08969431
0,1215398
-0,1702798
0,188771
-0,1815434
0,3744512
0,106547
0,2844234
-0,1780375
0,2617338
-0,2592747
0,1363363
0,07047604
0,2107082
-0,1228359
0,1835169
-0,3113167
-0,03117022
0,08958768
0,1225654
-0,1292336
0,2962512
-0,3284641
-0,04906824
0,05562396
0,1511066
-0,06270748
0,1144654
-0,2833144
0,09381309
-0,0003934592
0,1567246
0,0260314
-0,003314539
-0,2938233
0,2297423
-0,1436312
0,1249844
-0,01106116
-0,05444533
-0,2101272
0,1438268
0,02495954
0,1970309
0,03634938
-0,04520088
-0,1529012
0,2168038
-0,0630123
0,02529966
-0,08178978
0,06055568
-0,0722561
0,1491223
-0,009216343
-0,03140582
-0,01300888
0,08075378
-0,05070917
0,134345
-0,008026412
-0,09260297
-0,06102701
-0,01290925
-0,1342308
-0,0004966611
-0,0001799435
0,0648738
-0,06810229
0,007413064
-0,05505369
0,05083555
-0,07202747
0,03188822
-0,03046686
0,1240049
0,03657198
-0,01834122
-0,03497232
-0,0791781
-0,01253639
0,03851363
-0,0497372
0,05604527
0,01096624
0,01891837
0,03952156
-0,05177032
-0,01661532
0,02800635
0,04454109
0,0112289
0,08070094
-0,08143006
-0,0004371805
-0,04895426
-0,07988739
-0,04127925
-0,0626512
-0,02736284
-0,04735702
0,08580432
0,04729263
-0,02548624
0,08169235
-0,05323355
-0,07515507
-0,00305952
0,009699933
-0,05642726
-0,08112068
-0,0630779
-0,006984293
0,01549174
0,05649344
-0,052832
0,06258385
0,06301547
0,04917436
-0,01890352
-0,06134383
0,05306475
0,05368308
0,09259378
-0,07721838
-0,0945775
0,03494513
0,1192488
0,02622957
-0,001515214
-0,1632736
0,1063679
0,02603691
0,08953793
0,1009232
0,03674361
-0,2392133
0,2839981
0,1511509
0,02351229
0,08782324
0,1859372
-0,3057257
0,5033804
0,1813537
0,1885559
0,03626876
0,3561259
-0,469405
0,3526151
0,1227591
0,209307
0,1420525
0,329246
-0,4459691
0,3827961
0,2323925
0,1137657
0,2589531
0,5174071
-0,622876
0,373795
0,1598722
0,01007408
0,3150904
0,782599
-0,7067502
0,1629142
0,1408896
-0,02905306
0,2763005
0,7058824
-0,9076413
0,3903534
0,08643506
0,05643799
0,3610573
0,4460779
-0,7660203
0,1284333
0,1477338
-0,01533029
0,2565086
0,2863829
-0,9019153
0,2430879
0,1226296
-0,0603403
-0,006345598
0,3037554
-0,6617021
-0,01788318
0,004931068
-0,08973297
0,1345334
0,1480839
-0,3919745
0,05403326
-0,009259765
0,04508109
0,1865294
0,01043708
-0,6388462
0,04900775
-0,0357297
0,01996503
0,1932563
-0,1310906
-0,5990778
0,03087907
-0,009240875
-0,1120179
0,2048388
-0,0005977239
-0,3889857
-0,03029647
-0,01150899
0,006867952
0,02752415
-0,04300029
-0,07625385
0,1601591
0,03047939
0,1928808
0,03608582
-0,2009761
-0,03216621
0,08823603
-0,0168831
0,08650032
0,1362829
-0,1746213
-0,09617604
0,197557
-0,03648145
0,03758891
0,007294334
-0,1436215
-0,01878285
0,06166936
-0,04389074
-0,01992586
0,03836042
0,07014011
0,0005097693
0,04006166
-0,02506963
0,05232843
-0,03782311
0,0702768
-0,04861458
0,05881719
-0,08014146
0,03704362
0,06878958
-0,01623592
0,03486951
-0,02907054
0,01555221
-0,04685798
0,07188861
0,01807502
0,02866793
0,03646614
0,08287551
0,06631036
-0,03073066
0,03298775
-0,07894196
-0,01761715
0,03267368
-0,04438719
0,04242321
-0,04351976
-0,01154846
-0,01996219
-0,01394766
-0,09620003
0,04345357
-0,0297061
-0,01198763
-0,05506322
-0,02433089
-0,00599637
-0,03789198
0,01254382
-0,004953383
-0,003066729
0,1041403
-0,008243953
0,01165286
0,07166486
-0,1320118
-0,08545305
0,1612711
-0,06425387
0,03730796
0,3114824
-0,1242459
-0,1945069
0,07080318
-0,02879409
0,1046814
0,2950048
-0,2722804
-0,1130161
-0,02479313
0,06206191
0,08018263
0,5525232
-0,4570814
0,03810321
0,014139
0,0128387
0,3227783
0,5475007
-0,5703338
-0,08266579
-0,03532201
0,02728824
0,4226018
0,7018842
-0,3557169
0,1387092
-0,01069419
0,0005696459
0,5455186
0,4623121
-0,2857503
0,1802149
-0,1483704
0,1749787
0,3701327
0,3987713
-0,3056009
0,02377737
0,04762331
0,06365845
0,1282965
0,3342081
-0,1774085
0,1234621
0,07955734
0,07709628
0,2795652
0,324303
-0,3108643
-0,023091
-0,07741714
-0,1775257
0,3656219
0,2396307
-0,2579262
0,110882
-0,1501672
0,02752895
0,1225994
0,1795646
-0,4086712
-0,1499926
-0,02816929
0,02597422
0,2252747
0,07266028
-0,1447925
0,1882634
0,09585608
-0,1071447
0,4011634
0,06062384
-0,3393524
-0,08446974
0,1216311
-0,09464297
0,03549474
-0,1230605
-0,3077407
-0,1947465
0,2327784
0,01020206
-0,2212771
-0,08773985
-0,2697895
-0,2202334
0,07435081
-0,09562459
0,07717938
-0,2866907
-0,1381796
-0,1696057
0,04730356
-0,03523251
-0,0449682
-0,3576822
-0,0333822
-0,1530185
0,125146
0,1235305
0,004011853
-0,6896966
-0,01720486
0,09058568
0,1374777
-0,1471759
0,408154
-0,414259
0,2420841
-0,1352447
-0,05043174
-0,1337898
0,2297349
-0,01163183
0,04476963
-0,1881076
0,0008141081
-0,07700366
0,000633466
-0,0397343
0,01880388
-0,02460896
-0,006141439
0,001066849
-0,01460974
0,04387312
-0,06739418
0,03084263
0,03575122
-0,01743468
-0,03832841
-0,03681407
0,01110372
-0,03332053
-0,07286025
-0,08222035
0,08476951
-0,03241387
0,04246436
-0,07346544
-0,07525554
-0,04047665
-0,07336754
0,04042393
0,00263268
0,04713495
-0,01980069
-0,001263917
-0,005854809
0,05750804
0,002179413
-0,1467117
-0,03309974
-0,03201411
-0,06708015
0,02776101
-0,05159302
-0,1539706
0,1385001
-0,0918712
-0,05661533
0,1081992
0,02557141
-0,4899079
0,1419173
-0,04833766
-0,141543
0,1369934
-0,1159833
-0,2882675
0,09924243
0,005021799
0,008578703
0,3084063
-0,1862939
-0,102562
-0,08592104
-0,0835637
0,07624801
0,0721387
-0,1140214
0,08533808
-0,07659524
0,07468478
0,003336715
0,1169941
0,00399055
-0,1230472
-0,02583779
0,01052708
0,131451
0,1697432
0,02439854
0,3000887
-0,02968001
0,1198961
0,3137487
0,2007039
0,3004558
-0,02740392
-0,1682308
0,2690657
0,1292902
0,2645293
0,3484902
-0,008635379
-0,147974
0,01986228
0,1865835
0,4114582
0,2872542
0,02375483
-0,03057681
0,3029206
0,04447024
0,1169787
-0,07147644
0,09010544
-0,1024019
0,2482846
0,06231132
0,3827215
0,03572426
0,03267709
0,05953423
0,1670818
0,1675728
0,06776612
-0,1950077
-0,01884579
0,08815356
0,2627389
0,1863083
0,05635272
-0,02237045
0,3229193
-0,1478528
0,0199112
-0,06860811
-0,01476869
-0,04347663
0,1135726
0,06190847
-0,01386021
-0,1552698
0,07101996
-0,2623797
0,1105139
-0,02218258
-0,0206858
0,3299154
-0,2097691
-0,1798329
-0,001623946
0,02932379
-0,2249542
-0,140557
-0,08555173
-0,3751735
-0,09957234
-0,09832127
-0,3615745
-0,165373
-0,2210709
-0,181084
-0,1868101
0,04225103
0,05852856
-0,1842819
-0,6280937
-0,1790867
-0,07150975
0,03835108
0,02080831
0,1921854
-0,245101
-0,0394684
-0,2432499
0,01297474
-0,1141473
0,3774556
-0,04677444
0,06138156
-0,1195572
-0,1507769
-0,03068028
0,05470635
0,02277195
-0,0596031
0,04984951
0,005459844
-0,04023565
0,02030209
-0,03334653
-0,01666231
0,0007987478
-0,007451488
-0,08112863
-0,04543464
0,01626467
-0,0589099
-0,07019029
0,07364937
-0,08703312
-0,02932436
0,07090189
-0,06760217
-0,07785251
0,02225477
0,03071455
-0,089481
0,0555651
-0,04006028
-0,00670993
0,01402275
-0,08261237
-0,06786954
0,03029648
0,1607356
-0,1541848
-0,02076054
-0,08160759
-0,1038241
0,1149382
0,1845458
-0,2086037
0,1265122
-0,1743622
-0,004499361
-0,09406441
0,1658318
-0,3337831
-0,01086426
-0,3577867
-0,2139145
0,01560826
0,1621011
-0,3623443
0,04681605
-0,1659646
-0,4303774
-0,1439317
-0,1463291
-0,0574295
-0,02350979
-0,3098786
-0,1348949
-0,0831461
0,08640479
0,003733608
-0,03643722
-0,02690259
0,04740866
0,1697154
0,1784986
-0,3350137
-0,01407108
-0,1106609
0,03910407
0,2647872
0,3019339
-0,1610538
0,04714609
-0,08650286
0,1503237
0,2176912
0,3524387
-0,003755582
-0,05533725
0,1268805
0,2504553
0,3938092
0,2101925
0,1439552
-0,2092175
0,1087924
0,3409871
0,2251447
0,3189287
-0,06569561
0,08884052
-0,07007883
0,3690187
0,3018939
0,4870134
0,1183948
-0,022312
0,1688385
0,2928535
0,3958753
0,4106738
0,09086446
-0,03275142
-0,05832885
0,3068846
0,401425
0,3889198
0,1080263
-0,1336551
0,1254672
0,2305745
0,2329287
0,4998371
0,09304132
-0,05806551
-0,182424
0,2210479
0,3650346
0,2003861
-0,06650107
0,06719361
0,1954371
0,2101174
-0,0999113
0,07303531
-0,08594009
-0,04616312
-0,1293934
0,1776906
-0,07950886
0,01543216
-0,0647362
0,0452972
-0,2357442
-0,1766302
-0,03648762
0,04478167
0,008965332
0,01085373
-0,1976961
-0,07964832
-0,2767585
-0,144613
0,1302574
-0,06169545
0,2866152
0,1611848
-0,4072586
-0,204785
-0,1447697
0,01156517
0,08403309
0,6299271
-0,3361875
-0,2345805
-0,1593913
-0,03394492
0,007140554
0,4975508
-0,0895327
-0,1563088
-0,1736607
-0,1007035
-0,03017978
0,150322
0,02260895
-0,06990725
-0,1202049
-0,117889
0,07011659
-0,03788893
-0,007398571
-0,05641167
-0,002958823
-0,0502138
0,04392533
0,0397967
0,0503833
-0,0295534
0,06520113
-0,0446418
0,03724593
0,008890254
0,04064075
-0,02504785
-0,04748702
0,09900785
0,006807828
0,000860895
0,06991464
0,04293153
-0,06148768
0,01443284
-0,1651574
-0,1345902
0,1508362
0,2988707
-0,1005949
0,04183283
-0,1145183
-0,2117459
0,2545399
0,1283288
-0,2763332
0,1390571
-0,2753694
-0,02531443
-0,0655221
-0,1826562
-0,4015767
0,1993087
-0,4189498
-0,3400906
-0,05742775
-0,1246132
-0,1555569
0,0161431
-0,2303442
-0,2972101
-0,1999118
-0,06373259
-0,03523102
-0,006825712
-0,05135926
0,1406507
-0,02433556
-0,08392203
-0,006761061
-0,05832139
-0,09179269
-0,04937354
-0,02068645
0,09206547
0,1629857
-0,004771457
-0,14137
0,0953525
0,05594597
0,1265027
0,1397438
-0,05223161
-0,08516566
0,02243787
-0,01068313
0,2162016
0,02518792
0,1366225
-0,1366099
0,1325409
0,1743491
0,4017147
-0,008996505
0,02537914
0,1836693
0,1993922
0,3604918
0,5701896
0,01373242
0,01790941
0,1789506
0,3618756
0,1764606
0,2665457
0,07258763
0,02317094
0,1919067
0,4667428
0,4547929
0,493831
-0,02919552
0,07276698
0,172919
0,2453883
0,1214177
0,6258788
-0,09911276
0,00978049
-0,08749059
0,2733011
-0,04726918
0,5490259
0,02535793
0,203552
-0,0587594
0,2769533
0,04905149
0,2914403
0,08955062
-0,04621299
-0,1391304
0,02393604
-0,04316054
0,1708473
-0,09405767
-0,06840488
-0,2444092
-0,01052496
-0,04120076
0,3115957
-0,2390087
0,03922591
0,01578728
-0,01091326
-0,1322816
0,1482765
0,004568509
-0,2078775
0,09833694
-0,00959785
0,01837073
-0,07414465
-0,04770842
-0,1590411
0,05645254
0,2216605
-0,283549
0,1968757
0,1830643
-0,100272
0,2320863
0,5170084
-0,3269621
0,1470223
0,1314102
-0,008559645
0,01183141
0,7468458
-0,2441812
0,004101718
-0,2137472
-0,0903646
0,05147771
0,1685991
-0,1129802
0,05228949
-0,08733214
0,06819572
-0,01726948
0,08811677
0,004986005
0,09066835
0,03752737
-0,09124143
-0,02984495
0,06777534
-0,004275224
-0,01335363
0,09450767
0,06013738
-0,08763616
-0,0795441
-0,05334575
-0,05879525
-0,005765582
-0,05474193
-0,02539497
-0,033643
0,07195862
0,2412499
-0,02945398
0,09404223
-0,2060414
-0,124959
0,1940549
0,3021086
-0,1183517
0,140574
-0,001610814
-0,1528578
0,4316503
0,06841592
-0,5112574
0,2041792
-0,03070226
0,03870149
0,01028608
-0,04526704
-0,3735803
0,02726128
-0,1607881
-0,124321
0,008384272
-0,1460133
-0,1955524
-0,2007754
-0,1634926
-0,2937604
0,177405
-0,0564617
-0,1193332
-0,06391256
-0,179175
-0,04967649
0,06815948
0,3613763
0,04948669
-0,04670586
0,08174385
-0,04811183
-0,01427282
0,2359499
0,1954922
0,0179803
-0,1234559
0,1010903
0,1722553
0,04422405
-0,09315203
-0,1910092
-0,06471417
-0,03457429
0,05320997
0,1913972
0,09041154
-0,05024346
-0,2244436
0,08231582
0,3090015
0,2157143
0,1617866
-0,1375978
0,2563624
0,2942063
0,4661482
0,2964916
0,06231971
-0,0946984
0,01410985
0,3696294
0,2848192
0,5413041
0,07122979
0,1890642
0,2027258
0,1986475
0,3018621
0,3742821
0,04388787
0,1454737
-0,1766639
0,4034268
0,5063694
0,3675516
0,3324344
0,02165959
-0,05108642
0,08350957
0,2691045
0,0007230226
-0,002187102
0,06579001
-0,1356217
0,2389258
0,17272
0,3628244
-0,1228958
-0,1158744
-0,04789581
0,2391955
0,2152575
0,03578489
-0,1028626
-0,1757345
-0,2993317
0,2837828
0,08479086
0,05024301
0,08387759
-0,05569837
-0,05372905
0,1608732
-0,04010539
0,2345813
-0,05281764
-0,2119719
-0,1672793
0,2526947
0,4841923
0,1522263
0,1082164
-0,2141949
-0,06849302
0,3244808
-0,1656982
0,4983652
0,4166414
-0,2155266
0,09737876
0,8000234
-0,4100847
0,2268614
0,2837677
-0,1248291
0,1585149
0,8596728
-0,2420132
0,035363
-0,3239477
-0,2021499
-0,05825677
0,3697696
-0,06635622
-0,04600472
-0,2014596
-0,01811828
0,0656825
-0,02575993
-0,004266901
-0,08089119
0,03752694
-0,04612701
-0,01657104
-0,03604602
-0,07615972
0,04516628
-0,07332237
-0,060569
0,01768278
-0,01744715
-0,02753489
0,04586466
0,04501898
-0,04521792
-0,07794257
-0,09825318
0,1254423
0,2177563
-0,02628868
-0,002385823
-0,1753919
-0,04750462
0,340845
0,3125393
0,01718072
0,1051841
-0,2357746
-0,1441643
0,3663224
0,04860649
-0,350213
0,03461106
-0,2598614
-0,2647141
0,2558355
0,015168
-0,3195001
-0,2651059
-0,1227592
0,06977057
0,1754717
0,07025862
-0,1675912
-0,5136546
-0,2201525
-0,1237338
0,2582348
-0,08275832
-0,2645744
0,03519626
-0,2349569
0,05879388
0,1952534
0,11436
-0,1250246
-0,2744408
-0,1397101
-0,1469323
0,2022587
0,0909403
-0,1671312
-0,3383331
-0,1372392
-0,11635
0,1407756
0,1441412
-0,0392407
-0,4269226
-0,2395514
-0,1598608
-0,1322731
0,08050634
-0,1183961
-0,6199557
-0,1390217
-0,2121369
0,08824917
0,2966646
0,01697562
-0,467739
0,08477235
0,1268765
0,457372
0,4639441
0,2833092
-0,1101915
0,05185667
0,08615114
0,5799071
0,3869722
0,0853012
0,1893543
-0,1719464
-0,008660853
0,2802414
0,2035362
-0,4251659
0,2907007
-0,1926557
-0,03437161
-0,06369235
0,04668536
-0,1283083
0,1026069
-0,02013174
0,1075006
0,1325712
0,4467399
-0,1579872
-0,09353667
-0,02891744
-0,08227096
0,004347054
0,3338531
-0,05534664
0,2096874
-0,1327201
-0,03306587
0,02272862
0,3013582
-0,04429489
0,03563521
0,1103827
0,1140187
0,2078057
0,2429444
0,02746704
-0,1956007
0,06504291
0,3447451
-0,108391
0,141047
-0,05347921
-0,1182463
0,142935
0,4423326
0,3672934
0,2275053
-0,276108
-0,05190179
0,2733881
0,3884308
0,04516735
0,5059457
0,3757271
-0,2117074
-0,2217343
0,9239704
-0,2190933
0,285659
0,5341974
-0,1624509
-0,1466672
1,135645
-0,1229097
0,002201631
-0,3386923
-0,2253342
-0,1003324
0,4728156
-0,0617743
-0,0813373
-0,1223757
-0,04496587
-0,01563312
-0,06310304
-0,03293359
0,0800501
-0,04656582
0,02885
-0,01489645
0,02567002
-0,01337877
-0,0484296
-0,04998188
-0,06532934
-0,07206102
-0,0980323
-0,06479768
0,07653659
0,01549518
0,08523046
-0,1560271
-0,04778744
0,1141041
0,1913861
0,00090483
0,09912658
-0,3575918
-0,06850765
0,1591488
0,2248606
-0,05896168
0,08527615
-0,3422901
-0,06108552
0,1024504
-0,005749054
-0,4036567
-0,2094627
-0,3431313
-0,2320619
0,1041072
-0,1555209
-0,1372324
-0,3996418
-0,04258515
-0,2738631
0,2779743
-0,08627559
-0,08952878
-0,7171335
-0,07688861
0,0104316
-0,153139
-0,08276574
-0,121012
-0,7676254
0,03623661
-0,1284044
-0,1533548
-0,1164752
-0,03777541
-0,7032313
-0,3122866
-0,1810028
-0,4924261
0,04174523
0,1201053
-0,8811304
-0,1561303
-0,2450548
-0,1177594
-0,05651889
0,03148323
-0,649122
-0,3596353
-0,3238058
-0,2625014
-0,1737006
0,1419905
-0,5928364
-0,0212617
0,1454462
-0,3338897
0,1295208
0,1657494
-0,5146049
-0,06302562
0,5790912
-0,1409813
0,3977064
0,1105604
0,2201436
-0,1135799
0,3809895
0,4540538
0,08711546
0,1872397
0,1629835
-0,6274343
-0,3983456
-0,1053639
0,01844662
-0,3412053
-0,1270425
-0,848684
-0,2650104
0,07914204
0,1307802
-0,2154145
-0,1088301
-0,1509806
-0,2463508
0,2269209
0,03021694
0,08174592
-0,007114581
0,05168956
0,01982195
0,2154791
0,1536071
0,02455627
-0,07923742
0,04456303
-0,122755
0,2394539
0,09461958
-0,188527
-0,1743917
-0,2131433
0,03235083
0,1800758
0,3139138
0,009057281
-0,1503371
-0,1130008
0,1458035
0,1731379
0,2855755
0,004601918
-0,07651301
0,01372749
0,245824
0,2750827
0,338778
0,05593418
-0,06150537
-0,106442
0,6575407
0,4942068
0,2255484
0,2385251
-0,2344504
-0,402725
1,098709
-0,1575393
0,004584589
0,6015425
-0,2721635
-0,2924291
1,180577
-0,2088923
-0,1119864
-0,2693535
-0,1214203
-0,09554173
0,5358566
-0,1233525
-0,05935756
-0,1191032
0,01519029
-0,0205795
0,02699416
-0,02883797
-0,05337545
-0,09882584
0,0551314
-0,02425205
0,01579885
0,004216304
0,08294101
-0,0426871
-0,04626421
-0,01428354
-0,01079105
0,08792753
-0,002216126
0,03536172
-0,004955829
-0,1476222
-0,2745526
-0,01857506
0,1850711
0,0007459012
0,1165645
-0,4247281
-0,2479714
0,04710546
0,04628322
-0,04892849
-0,03738817
-0,3028047
-0,01288288
-0,0758623
-0,1221875
-0,4335625
-0,29534
0,1289355
-0,1940382
-0,2387616
-0,1116441
-0,3213069
-0,4667856
-0,0606642
-0,01283128
-0,1577952
0,001771371
0,1225398
-0,6333148
-0,1497406
-0,2209817
-0,2962668
0,183133
-0,0003726403
-0,543503
-0,02807202
-0,1094486
-0,3240729
0,1033694
-0,04458058
-0,5329911
-0,0590339
-0,393911
-0,3176399
-0,07177226
-0,1227842
-0,4600107
-0,03406988
-0,1761993
-0,4559198
0,2240164
-0,1896151
-0,2292288
-0,06431112
0,0371334
-0,155362
0,2960726
0,04778085
-0,1094005
0,202494
0,1266111
-0,4048789
0,1837398
-0,2955436
0,1258317
-0,02565574
0,8028718
-0,4062558
0,4578476
0,2436322
0,4482092
0,03886127
0,2547149
-0,07662534
0,09409835
-0,2019313
0,1647087
-0,2274845
-0,3654268
-0,6854193
0,09755833
-0,8074411
-0,02690845
-0,1226215
-0,3563295
-0,2102469
0,002640294
-0,4964968
0,09729595
-0,2336717
-0,07150925
-0,201487
0,2617083
-0,3477524
-0,0421771
-0,1189853
-0,08123796
-0,01606657
0,1890589
-0,3916433
-0,07470338
0,01084298
-0,3058221
0,03585065
0,02756837
0,03596281
0,01414321
-0,00662164
-0,1517767
0,3994408
0,4519678
-0,17544
-0,05435576
0,03881117
-0,3293318
0,1404535
0,3391674
0,3770173
-0,1741347
0,09570919
-0,1357328
0,3699286
0,5485114
-0,1687757
-0,1420618
0,2214008
0,3269123
0,410157
-0,06402493
0,3068611
-0,3143332
-0,0560863
0,7553744
0,224311
-0,2077743
0,3874252
-0,3781222
-0,2172906
0,9827122
-0,1058476
-0,1201136
-0,2150834
-0,2834647
-0,1039614
0,4287282
0,0272547
-0,05530908
-0,157137
-0,06449921
0,07099769
-0,006946614
0,01284803
-0,05100119
0,02300451
-0,05360097
0,01375777
0,01475627
0,08209923
-0,03238671
-0,04792963
-0,0533057
-0,07960898
0,01982087
0,02094708
0,0449882
0,04030887
-0,03655858
-0,1023371
-0,22708
0,04472964
0,1435658
0,07048526
-0,0587661
-0,1401424
-0,1639916
-0,1025275
0,1693743
-0,07476088
-0,02841717
-0,1453264
-0,03602788
-0,3880918
0,1324943
-0,2866674
-0,2662386
-0,1601629
-0,1177403
-0,6287947
-0,04854478
-0,2542302
-0,2944753
0,02201552
-0,1158718
-0,61233
-0,01534687
0,1007427
-0,2676745
0,1185398
-0,286499
-0,4541695
0,2033109
-0,1103628
0,1374799
-0,117626
-0,1836872
-0,3626439
0,1085068
-0,02628203
0,1526492
0,04097321
-0,1243173
-0,1218914
-0,009219404
0,01165152
0,07169329
0,0308585
0,2436096
-0,2292805
-0,05014402
-0,09654121
0,2088135
0,1409641
0,3681565
-0,2572039
0,4050218
0,2771134
0,3154719
0,4499901
0,522682
-0,17444
0,05645762
0,2582476
0,2888833
0,7674394
0,8618801
0,03068779
0,01030332
0,3195333
0,4845399
0,290018
0,3700884
0,5753043
-0,3022487
-0,3091982
0,1424495
-0,1175896
0,009927149
-0,3287405
0,1918646
-0,3364949
-0,0400281
-0,2423836
-0,2086717
-0,08541026
0,0575009
-0,4685953
0,3025289
-0,0008999376
-0,1652782
-0,0649578
0,2005389
-0,008010133
-0,2270366
-0,047649
-0,1171206
-0,01118999
0,125904
-0,1769035
-0,1208033
0,193639
-0,100107
0,2297048
0,37167
-0,01338109
-0,1227802
0,3143252
0,07252087
0,2370467
0,2829369
0,08004479
-0,1027187
0,4941959
-0,2321848
0,2864464
0,2413033
0,1902517
-0,07135247
0,373062
-0,4049411
0,1631424
0,3689693
0,1297564
-0,2265918
0,6478726
-0,5021946
0,1531928
0,05292551
0,3486258
-0,3153039
0,4115309
-0,3400138
0,3403331
-0,4575256
0,5276932
-0,2251408
-0,09873395
0,3227042
0,3173294
-0,1316891
-0,2996244
-0,1016806
-0,1169714
0,3281201
0,2415136
-0,01540963
-0,189949
-0,1414039
-0,03782265
-0,05246954
0,0193799
0,06334052
-0,007958678
-0,03969209
0,04263292
0,0318871
0,04308505
0,02975468
-0,04191601
-0,06183078
0,0257158
0,01625628
0,01757886
0,08610737
-0,05532733
-0,08635435
-0,02020316
-0,04696655
-0,007585247
0,05610968
0,05752461
-0,01482398
-0,0843154
-0,01657152
-0,03670918
-0,03093383
-0,005068037
0,07349317
-0,06249371
-0,0636571
-0,6261394
0,4307638
-0,1396457
0,008134861
-0,150183
-0,02270064
-0,7147071
0,2893978
-0,1774401
-0,04928236
0,004100597
-0,1329849
-0,4812838
0,01586521
0,119499
0,2508228
0,05819947
0,2751354
-0,2895046
0,2785244
0,21421
0,1915485
0,169733
0,2094653
-0,2179022
0,2458514
-0,1085611
0,3036951
0,2604632
0,2369247
-0,2853584
0,153766
0,05598608
0,2613658
0,1546335
0,2857205
-0,2691648
0,4494936
0,3583547
0,6159337
0,3998179
0,6246855
-0,07331394
0,5662575
0,3729406
0,365313
0,4012728
0,9812641
-0,08405285
0,3170907
0,3821207
0,374806
0,8476627
0,7286822
0,3331151
-0,1089812
-0,001445213
0,5261608
0,3345171
0,2704618
0,2574263
-0,01945671
-0,1801383
0,1753625
0,2223358
-0,1401377
-0,3333236
0,1907311
-0,1389185
-0,03667964
0,08726804
-0,07326366
0,2963842
0,2461484
-0,2725882
0,01345591
0,1551628
-0,1000367
-0,06160271
0,1576134
-0,2294178
-0,1397257
0,07763108
0,04083803
-0,06324761
0,1074685
-0,05247581
0,04463842
0,3420265
0,2023131
0,08040609
0,05285883
0,03338115
0,0665346
0,2338282
0,2120678
0,04264411
0,3279499
-0,07537712
-0,06807723
0,2291472
-0,04822953
0,003924737
0,2580542
-0,08491766
0,1629621
0,2009664
-0,2562709
-0,2230483
0,3091553
0,2141615
-0,1013865
0,1772401
-0,559997
0,02831014
-0,07415183
0,7161342
-0,134788
0,04290042
-0,515753
0,3243149
-0,2397636
0,562714
-0,1018538
-0,06277204
-0,1056238
0,3377343
-0,07623059
-0,1229961
0,0249832
-0,01405603
0,02522214
0,206219
0,003309754
-0,1615395
-0,1225647
-0,03086994
0,06975541
0,05478396
-0,06213997
-0,067998
-0,008698373
-0,02784911
-0,01611364
-0,05025876
0,0566137
0,004895889
-0,02423316
0,03873512
0,0333231
-0,06409443
0,05850163
-0,07910531
0,05662585
-0,09548713
-0,1119336
0,04563741
0,07830273
0,01302523
0,004562748
0,05180179
-0,00915174
-0,08696774
-0,007704963
-0,04368915
0,04012437
0,3375822
-0,1914254
-0,3397348
0,3233334
-0,2196244
0,1445033
-0,05948408
0,009672632
-0,4797348
0,0891371
0,1932789
0,2183969
0,2565594
0,08708132
-0,117526
0,2349216
0,2678171
0,2474997
0,2942199
0,0677316
-0,06860016
0,4445314
0,4234348
0,3764418
0,3595255
0,3555367
-0,1641023
0,3752724
0,2720796
0,546824
0,2184688
0,4044959
-0,07251108
0,1892757
0,2468002
0,4844894
0,3944261
0,6615477
0,1100247
0,3530943
0,259993
0,3533553
0,7040539
0,3763322
0,367753
0,1971497
0,6240744
0,163839
0,4469872
0,5278671
0,01790617
0,01764279
0,03442488
0,1438371
0,6420535
0,519936
0,283377
0,05137799
0,1381092
0,1665732
0,5787899
0,4362715
0,327438
-0,1424527
-0,2445732
0,09261271
0,1535236
0,143495
-0,2174304
0,2584127
0,038054
0,5200799
0,1341764
-0,02396521
0,06849553
0,1094153
-0,07543533
-0,2059353
0,1528585
0,04713807
-0,02615051
0,3113701
-0,1134362
-0,04324218
0,05205902
-0,09909631
0,12369
0,1777729
-0,08073064
0,04750315
0,06008253
-0,340389
-0,1127435
0,2427251
-0,1337119
0,2339821
-0,1046459
-0,009833192
-0,1510354
0,2277669
-0,05063532
0,1192277
-0,2499137
-0,03767104
0,03923034
-0,2862645
-0,009173368
0,3100302
-0,1649342
-0,4233788
-0,2423766
-0,02203283
0,08790052
0,2697501
-0,2476216
-0,3293305
-0,1913879
0,04429083
0,3398743
0,1600763
-0,02603088
-0,06809868
0,01663684
-0,272251
0,413926
-0,03614645
0,1139164
-0,0876136
0,1077412
0,002661965
-0,06499539
0,0004787684
-0,004933115
-0,05132292
0,2784238
-0,02290945
-0,1180034
0,002942791
-0,06294685
-0,06286949
0,04052081
-0,05350961
-0,04216544
0,04140938
-0,03536332
0,03280193
-0,02681986
0,04229455
0,03194675
-0,07337686
-0,0324523
-0,05875333
0,009298956
0,02773495
-0,01245617
0,08124789
0,03097346
-0,002162101
0,05729884
0,01930172
0,05103146
0,03616812
0,1775608
-0,09203909
0,04297227
-0,0787041
-0,1491126
-0,02465515
0,1519625
-0,1630063
0,1521159
0,09922088
-0,1239835
0,1558379
0,2691351
-0,2455902
0,2545048
0,105381
0,1026627
0,01168731
0,3612395
0,2080358
-0,01005176
0,1866711
0,005190373
0,06164078
0,2626278
0,1418983
-0,1028748
0,2480836
0,2546594
0,2473467
0,4181483
0,188364
0,1230214
0,1927084
0,2591111
0,2334611
0,4199575
0,2388403
-0,06368713
0,1347818
0,3057986
0,1888723
0,1722477
0,2122662
0,04835597
0,4005459
0,472752
0,2486804
0,2579395
0,2746905
0,09253212
0,3841729
0,1332404
0,1459869
0,3462256
0,3574716
-0,2936155
-0,2054584
0,2234707
0,3479991
0,5384728
0,2505786
0,1451311
-0,1966611
-0,2068227
0,169953
0,6169346
0,1692063
0,4292103
-0,4166406
-0,1225164
0,2923235
0,09364383
0,04172832
-0,03129474
0,3595053
-0,08111235
0,2201118
0,3098015
0,1734624
-0,06959347
0,07329932
-0,193632
0,1385987
0,08904142
-0,2615038
-0,1746898
0,5196258
-0,04230883
0,1520932
-0,09309614
0,2155474
-0,1846947
0,09072448
-0,02071991
0,1607471
-0,1149712
-0,2607719
-0,2344119
-0,1212413
-0,4333073
0,1890495
-0,4324901
-0,1072597
-0,1750166
0,1068709
-0,07066213
0,2987411
-0,3349959
-0,08526428
-0,1574598
-0,1446342
0,1081277
0,2575097
-0,2228596
-0,1965249
-0,1920138
0,1430548
-0,2639202
0,4143493
-0,2845162
0,06840649
-0,1580996
-0,002315925
0,2235485
0,2100495
-0,2872093
0,2569782
0,3091787
-0,3630522
0,2191488
-0,04212707
0,2315125
-0,2422612
0,2432045
-0,2694618
0,03015621
-0,05253605
0,1495643
0,006856481
0,3376453
-0,02415789
-0,3395304
-0,001563227
0,06545235
-0,003800889
0,03852296
-0,100873
-0,04289075
0,06611932
-0,01481513
-0,08272116
-0,08389512
-0,03491129
-0,07405084
0,03173696
0,01916271
-0,07118079
0,08594155
-0,006390789
-0,05978519
0,06349163
-0,07851785
-0,03696184
0,06534043
0,01623235
-0,06325573
0,02200713
0,0553873
0,164227
0,1653119
-0,1711036
-0,05412856
-0,003397515
-0,1815575
-0,01053821
0,2775931
-0,09714069
-0,03942329
0,1540522
0,09056738
-0,1383354
0,2027033
-0,08419587
0,08858075
0,02500427
0,3637343
-0,1976175
0,3452547
-0,03606862
0,06655816
-0,007548639
0,207911
-0,2739495
-0,08732363
0,2506036
0,1196776
0,2285643
0,2089009
-0,2944937
0,1344273
0,374989
0,2798054
-0,02660506
0,1730778
-0,2279294
0,1850233
-0,1086494
0,2107056
0,03549489
0,2995213
0,1734525
0,4237474
0,0153995
0,1233263
-0,08547726
0,4639935
0,07877316
0,2568693
-0,1030561
0,3107856
0,1015077
0,5784973
0,4427628
-0,1186663
0,1875771
0,003455064
0,279393
0,48978
0,2523794
0,1216591
-0,2700973
-0,2258755
0,02337461
0,4800287
0,02834178
0,136599
-0,3769333
-0,07673274
0,3148477
0,1720444
-0,07781882
-0,3022977
0,06588509
0,03455801
0,04078864
0,318868
-0,2083958
0,2484927
0,1269601
-0,2093178
-0,006044964
0,09414583
0,02245557
0,1382919
0,484742
-0,005272808
0,07678034
0,008006059
-0,04765347
0,2312617
-0,1027322
-0,1064725
0,1881371
-0,3857101
-0,1974124
-0,03712923
-0,1131056
0,01210106
0,3052295
-0,2111713
-0,1957347
-0,4106553
-0,02791451
-0,1540295
0,2570959
-0,1602309
-0,2017563
-0,09151739
-0,09850569
0,05154772
0,1888398
-0,1023395
-0,06819735
-0,004899668
-0,05432431
-0,2561655
0,2573615
-0,05033162
0,1881214
-0,08479297
-0,1341472
0,05231916
0,00514754
-0,02300924
0,138092
0,4298779
-0,5116671
0,06483404
0,07550734
0,4764001
-0,240768
0,8260924
-0,3203686
-0,1874631
0,05515521
0,08813192
-0,1463114
0,5275891
-0,06531184
-0,259265
0,03430978
0,0008911623
0,0008947678
0,1520637
-0,0890464
-0,1020557
-0,05282117
0,05072589
-0,05099321
0,03799876
0,08561441
0,0612741
0,03447455
-0,08883876
0,02719382
0,05676491
-0,006137534
-0,06656674
0,07992414
-0,07534567
0,03745014
0,007402069
-0,008587189
-0,00214475
0,002832512
-0,05314329
0,2201768
0,1846788
-0,2936061
-0,08412299
0,09050116
-0,1038233
0,1779271
0,2461553
-0,159737
-0,1362073
0,1341368
0,004825308
0,08553505
0,1584921
-0,07098503
0,2877193
-0,1167315
-0,1204352
0,1281185
-0,01096967
-0,2549403
0,160052
-0,0980669
0,06377665
-0,3480301
-0,1953132
-0,08070759
0,05322337
-0,01519104
0,2309789
-0,1810899
0,1770514
0,05214531
0,03614815
-0,1837341
0,2055206
-0,2737287
0,1691247
0,186707
0,1776772
-0,2919932
0,3243432
-0,1540337
0,003009397
0,02045917
0,5014678
0,009207002
0,6000405
0,1310495
0,2697345
0,03941577
0,4302384
-0,0157318
0,4528072
-0,06811933
-0,03409612
0,09301536
-0,08677693
0,1636658
0,2709552
-0,2338298
0,1511516
-0,1230636
-0,1693093
-0,02565907
0,2619279
-0,391158
-0,1044799
-0,1926304
-0,1462267
0,2612145
0,1995408
-0,2447927
-0,180881
0,09820433
-0,2803182
0,07463246
0,1626835
0,06583743
0,04479297
0,0138588
0,1375555
-0,01200003
-0,0239744
0,1669179
-0,05135094
0,1153747
0,1770679
0,04498356
-0,06467273
-0,0200486
-0,2867356
0,01832306
0,02957251
0,01303504
-0,3840396
0,0941218
-0,09629514
-0,4622869
-0,05680269
0,02167595
-0,2584973
-0,1628402
-0,346988
-0,09403376
0,1080181
-0,0474123
-0,04794259
-0,03824883
0,08704165
-0,1370632
-0,01591308
0,02472141
-0,1709167
-0,1678067
0,0992581
0,06045793
0,06489743
0,01929118
-0,1168949
0,1800387
-0,142927
-0,1960787
0,1498277
-0,1165117
-0,07159541
0,1237449
0,2698046
-0,1696431
0,1685183
-0,189323
0,2534969
-0,551275
0,8618606
-0,2370496
0,02624948
-0,02365914
0,05062799
-0,03472578
0,2686363
-0,02420445
-0,1203034
-0,01922627
-0,0730214
-0,02265536
-0,02896064
0,01168404
0,05163838
-0,001731797
-0,005558226
0,03755863
-0,04849927
-0,02079179
0,03387242
-0,07930273
-0,06963331
0,05589782
0,06985661
0,01709069
-0,07900957
-0,03141591
0,07466631
-0,0002344298
0,01896481
-0,03117339
0,05722533
0,003806092
0,02301728
0,1552869
0,1726815
-0,1743341
-0,1594132
0,2654637
-0,07827073
0,2830403
0,1906256
-0,2037057
-0,0003849419
0,07040189
0,05172809
0,1872246
0,1740085
-0,0988862
-0,04001928
0,0363117
0,08990912
0,6131932
-0,06442295
-0,06673528
0,1500457
-0,002004519
0,02559431
0,05273442
0,1583042
-0,1162199
0,07598075
-0,2050678
0,178931
-0,01927203
0,07262251
-0,09345953
0,3140841
-0,1804513
0,3284525
-0,2943098
-0,03423847
-0,03348607
0,2208253
-0,1724251
0,3820703
-0,05462148
0,3279163
0,1059081
0,300336
-0,1850003
0,4659895
0,1239865
0,1592735
0,2194981
0,2220334
-0,1796692
0,7191542
-0,09310575
0,1622181
-0,464326
0,1403227
0,1245973
0,1248214
-0,3137866
-0,1260409
-0,1232681
-0,1394673
0,06055252
0,1379692
-0,2253994
-0,1374331
-0,2485272
-0,2246073
0,2562477
-0,1292989
0,009460432
-0,1017254
-0,1544028
-0,04166363
-0,09971038
0,06390508
0,03450312
-0,02456897
0,03747093
0,001128478
-0,1456339
-0,07969283
0,202083
0,01737356
-0,05910909
-0,02031962
0,05455442
-0,132224
-0,07529385
0,03036592
-0,002929111
-0,08627203
0,2241839
-0,07554112
-0,07186981
0,147548
-0,1836467
0,007158652
-0,07764211
-0,06912149
0,007493566
0,09620783
-0,1543147
-0,1916274
-0,1247092
-0,1795329
-0,005046564
-0,09317555
-0,1137533
-0,09743875
0,1222627
-0,2338929
0,1156969
0,1794438
-0,3037348
0,04086054
-0,2077454
0,1802687
0,05436351
0,08374649
-0,4172534
0,162281
-0,11335
0,1405379
0,02730134
0,3083554
-0,3503574
0,08727465
-0,1963752
0,2002422
-0,4232599
0,6675684
-0,04858808
-0,007365359
0,01849746
-0,02394841
-0,0004341468
0,1606521
-0,03738769
-0,1251849
-0,07075298
0,03912257
0,06278027
0,08605019
-0,07331347
-0,0263098
-0,07371375
-0,0637242
-0,06332816
-0,04871512
0,02883483
-0,002742332
0,01198239
-0,09586141
0,06511448
0,01393708
0,009401305
0,07985044
0,03332371
-0,09264309
0,1221084
-0,0693351
0,0986699
0,07099745
-0,04540067
-0,1162248
0,1255903
0,04861573
-0,1100625
-0,3167648
0,1991159
-0,1746866
0,2166857
0,08995622
-0,2282836
0,1046325
0,01792534
0,08153683
0,2092991
-0,03414555
0,07986956
-0,05447194
-0,08909801
0,07552818
0,1888367
0,1665633
0,1613429
0,211472
-0,0519685
0,1401365
0,1488976
0,2968885
-0,0332883
0,1245975
-0,158377
-0,07042886
0,2114865
0,03375331
-0,01039236
0,1428339
-0,1842071
0,1074481
-0,07222123
0,195532
-0,2975816
0,0508493
-0,1795945
0,3562828
0,1208711
0,225804
-0,2632639
0,347209
-0,09249212
0,2448328
-0,2080189
-0,02721218
-0,1571834
0,3905159
0,18678
-0,1563556
-0,1164215
-0,005574163
-0,2095634
0,398284
0,03703479
0,05259597
-0,1597961
0,008595483
-0,5878832
-0,231431
0,09672189
0,2180696
-0,2090965
-0,2008392
-0,3612168
-0,06836631
0,1196477
0,1554581
0,03146783
-0,03165598
-0,3246094
-0,02330178
0,02592004
0,2381181
0,09135839
0,09059674
-0,2911717
0,1349316
0,2056231
0,0320144
0,124024
0,1611565
-0,1824137
0,1381159
0,05421704
0,1350602
0,1345497
0,03384482
-0,2087782
0,1751713
-0,01593932
-0,004417603
0,1250371
-0,03067099
-0,02595366
0,1198424
0,06188697
-0,1118573
0,06497735
0,04795213
-0,1052348
0,2154747
-0,08748231
0,003329721
0,08090261
0,05865326
-0,3712375
0,04592904
-0,01443101
-0,1351798
0,03615432
0,2512337
-0,5530456
0,3268389
-0,2590164
0,2062883
0,1695263
0,1133459
-0,4657168
0,1003008
-0,1870052
0,1037401
-0,06523074
0,2979501
-0,2287739
-0,08369753
-0,2082152
0,06125228
-0,1784453
0,498844
-0,05668441
-0,1327372
0,05568844
0,06980718
-0,09458534
0,1229907
0,0632769
-0,1090151
0,07196733
-0,02161327
0,02998763
-0,0562604
0,07954711
0,03491798
0,041713
0,0229773
0,02136005
-0,03212854
0,08437752
0,07334953
-0,007583871
-0,0471347
-0,05720519
0,01974029
0,03352743
-0,04384321
-0,0542191
-0,05178542
-0,009911895
-0,02719953
-0,0350186
0,004490319
-0,05180037
-0,1440347
0,1551833
0,2226576
-0,1806628
-0,1539076
0,004179325
-0,2453722
0,09478218
0,3672129
-0,3388543
0,03706763
-0,07620367
-0,1786611
0,2360869
0,2259402
-0,07618307
0,2019189
-0,03395336
-0,1463608
0,3232795
0,4866844
-0,06456309
0,09244584
-0,1856692
0,22661
0,1907174
0,5144845
-0,175265
0,2152461
-0,2018197
0,0008014898
0,3418587
0,2949428
-0,1569519
0,06479325
-0,1237221
-0,2149666
0,1523748
0,04553367
-0,2991919
0,1341343
-0,09353596
0,000515245
0,03158723
0,1965394
-0,2990324
0,3367356
0,04692316
-0,05462793
-0,01030902
0,03928928
-0,4498681
0,1613333
-0,09515873
0,04761016
-0,3507294
-0,1483757
-0,4039343
0,4351234
-0,03683197
-0,215351
-0,01460985
-0,1982312
-0,1305402
0,1711541
-0,1007296
-0,08499274
-0,2594253
-0,08823574
-0,1726196
0,005548415
0,1881222
0,2349439
-0,006703738
-0,04305243
-0,1261099
0,3135141
0,1445541
0,2751134
0,06385918
-0,1422596
-0,2662278
-0,1017297
0,2018159
-0,02360949
0,1591282
-0,07796407
-0,1268792
0,03521024
0,2092009
0,09757698
0,1913533
0,0991812
-0,4108235
-0,1117191
0,191465
0,05268887
0,1631412
0,2378859
-0,09805758
0,09823569
-0,1279999
0,03555601
0,1290795
0,1800747
-0,1942918
0,1027401
-0,07613374
0,1411417
-0,04010404
0,3337872
-0,4198598
-0,001466152
-0,1397218
-0,02830862
0,254146
0,09427731
-0,3398892
0,3260218
-0,486818
0,09074964
0,1711872
0,2078292
-0,392488
0,04407306
-0,155654
0,1299525
-0,2634742
0,3858227
-0,08845416
-0,2659658
-0,08888818
-0,06754248
-0,06296968
0,2372498
0,01262638
0,006022476
0,04147973
-0,04028056
-0,0342508
-0,01204452
-0,09928726
-0,08799369
-0,02674161
-0,01054381
-0,006587284
-0,0214679
0,07093113
0,05465147
-0,06952088
-0,01199832
0,08682825
-0,0834729
0,05509931
0,06892293
0,01554991
-0,02645094
0,08721253
0,00818873
0,03919509
-0,004162987
0,03425201
-0,04731399
-0,03716584
0,1559472
-0,08640791
-0,04261079
-0,03377661
-0,1676903
0,008563347
0,3139449
-0,208616
-0,05182131
0,0151016
-0,1180671
0,2094104
0,1821118
-0,3936349
0,08938511
-0,172842
-0,08529828
-0,1726816
-0,03412329
-0,3115652
0,1028132
-0,2080805
-0,3126174
0,2926402
0,4489337
-0,1828171
-0,04221776
-0,2179732
-0,04938274
0,3573298
0,4112915
-0,2026543
0,2482204
-0,1945762
0,07776049
0,2331686
-0,06513444
-0,07246265
0,05738602
0,1591073
0,3772876
0,1035839
0,06624218
-0,1405262
0,08700246
0,06401395
-0,154561
-0,1213501
-0,04604134
-0,3043037
0,06648295
0,07265783
-0,04478563
-0,07602343
-0,1150608
-0,3751684
0,1934641
0,007412214
-0,2100994
-0,1482503
-0,2954445
-0,2988017
0,07251562
0,07925815
0,09681669
-0,1062869
-0,08669583
-0,4640762
0,08608986
0,05112218
0,1215644
-0,05314287
-0,08380692
-0,5240787
0,2374433
0,007335678
-0,04291768
0,06272129
-0,1389982
-0,3295868
0,1195093
0,1414098
0,01029815
0,0690842
0,08118019
-0,1651131
0,035054
0,07887546
0,3012433
-0,1040667
-0,1747696
-0,5448401
0,1226515
-0,06613553
0,05892139
-0,03326737
0,09855059
-0,2980488
0,1365294
-0,01108303
0,1588752
0,02393372
0,155343
-0,3063269
-0,04257536
0,04653794
-0,08793893
0,1969382
-0,08434711
-0,1363468
-0,01029294
-0,1972687
-0,001834908
0,07238927
0,08506191
-0,1376856
0,1025904
-0,2291829
0,09057444
0,1746998
0,243299
-0,2475169
0,3485064
-0,22848
0,02717852
-0,1220739
0,2640122
-0,2573358
0,2950836
-0,1231437
0,06263217
-0,302648
0,2504094
-0,03753248
-0,03902113
-0,05710847
-0,06795894
0,0188224
0,1881042
-0,05299696
0,06839852
-0,03518386
0,05080924
-0,02339028
0,09482653
-0,08301307
0,01260677
0,03882436
-0,05209966
0,0088059
0,06164191
0,05868724
0,01455193
0,02761077
-0,05976127
-0,03319975
-0,04143019
-0,05610346
-0,03093506
-0,04260888
0,07828172
-0,06921782
-0,03112911
0,01395594
0,001279727
-0,06861852
-0,01421797
0,1190322
0,01866061
-0,02873591
-0,002465536
-0,04187515
-0,09018473
0,1608584
0,1228029
-0,2157892
0,04009531
0,01138463
-0,02816585
0,1487457
0,08711422
-0,5015458
0,004974129
-0,2343054
-0,1632215
-0,2440017
0,1278438
-0,5513555
-0,01642859
-0,1142544
0,003255695
-0,1200111
0,1921505
-0,2313589
-0,05643807
-0,1485681
0,002674181
0,08792022
0,2034396
-0,1126859
0,08241508
-0,1700439
0,04662229
0,08668935
0,2336575
0,2588058
0,1169587
0,1518622
-0,1063585
0,2690274
0,1869683
0,09413259
0,2815195
0,2414405
0,01766197
-0,04438206
0,05927217
0,1864794
0,06500307
-0,03818782
0,05339821
0,3153341
0,1434103
0,04735471
0,1143188
-0,04927444
0,01722511
0,04779818
0,0455413
0,08492005
0,335907
-0,17442
-0,06099121
0,1151488
-0,07633482
-0,09207042
0,4246089
0,0189987
-0,1458584
-0,02850421
-0,05252656
-0,0274574
-0,3301983
-0,1194106
-0,1616489
-0,2532136
-0,1604393
-0,391626
0,2189073
0,07889028
-0,257752
-0,06779376
-0,1431207
-0,3281399
-0,1224959
0,03307015
-0,1871957
-0,08934414
-0,07989967
-0,3960586
-0,2012906
-0,06530844
-0,0189544
0,1105704
-0,08805701
-0,4184892
-0,07004618
0,02781321
0,02465604
-0,04092479
-0,0675631
-0,3834239
0,1290299
0,126195
0,08020506
-0,09086391
0,04068125
-0,2756062
0,04609733
0,1179628
0,3307275
-0,05210571
-0,02939336
-0,2517462
0,1409283
0,003360236
0,1039999
0,10969
0,1170493
-0,1700553
0,2390543
-0,1243682
0,02820867
0,09220919
0,03267448
-0,1341703
-0,07239453
-0,198524
0,05116591
-0,01776178
-0,003327211
-0,01882178
-0,08311073
-0,04728906
0,01276201
0,01587054
-0,02644094
0,004102976
-0,06619908
-0,05551825
-0,01160968
0,08652406
-0,02020722
0,01849174
0,0883252
-0,04079263
0,07363936
-0,0400803
-0,005607614
0,07490719
0,02477842
-0,005061475
-0,03378223
-0,0343858
0,03770303
0,03694322
-0,01458012
0,03367761
-0,05243252
0,03095304
-0,005625799
0,05867578
0,006881783
-0,03511199
0,04213976
0,1380201
0,06296246
-0,131077
0,03287208
0,05833215
-0,05768669
0,2650637
0,1664711
-0,2555459
-0,05411119
0,1018084
-0,08748548
0,35602
0,1012947
-0,1992096
-0,2885833
-0,03182815
-0,421983
0,08056183
-0,01722856
-0,4971385
-0,1437732
-0,1703322
-0,4349907
-0,1092997
0,06648965
-0,2578562
-0,05123977
0,05498695
-0,3627025
-0,1520325
0,2090703
0,1162709
0,0516031
0,2197599
0,2564531
0,2556592
-0,07521614
-0,08043416
0,08330941
0,2510986
0,0648833
0,3625261
0,1608141
-0,181846
0,1505634
0,194559
-0,02331633
0,5684865
0,04633246
0,2197137
0,1648462
0,1922131
0,149138
0,4829988
0,3744151
0,3577996
0,1973593
0,07760922
0,1841204
0,3926469
0,2036994
0,2996189
0,2271867
0,04158391
0,3149988
0,396273
0,3258997
0,1860782
0,1409102
-0,0004547246
0,04253924
0,23527
-0,05556244
0,1811935
0,1651084
0,04244462
0,05692903
0,1145686
0,149854
-0,06345157
0,03508113
-0,004955917
0,2499812
0,3012127
-0,05891936
-0,1499007
0,02865585
0,007415918
-0,004762008
0,02021237
-0,05921931
-0,1467654
-0,01749601
-0,02271082
0,2732562
0,096767
-0,003014865
-0,2202222
-0,2205589
0,02244973
0,3360773
0,1732379
0,09624215
-0,2921728
0,01108806
0,1226741
0,4371948
0,3592118
-0,05195286
-0,1508462
-0,01968145
0,04125373
0,4978966
0,06946456
0,158362
-0,05527299
0,03834967
-0,02749403
0,3295604
0,06644953
0,2453796
-0,1105168
-0,04708766
-0,1167508
0,1333696
0,186746
0,03914583
-0,1254823
-0,1657953
-0,1180018
-0,06690542
0,005665172
0,005915246
-0,02771677
-0,1092511
-0,1028643
0,04946783
0,05781978
-0,07831372
-0,08725429
0,03592025
-0,06806751
-0,04336697
-0,01835831
-0,07428017
-0,05072851
-0,03166806
-0,02390653
-0,05408263
-0,02042748
-0,002146638
0,01294842
-0,03875836
0,02040288
-0,0003004413
-0,03108036
0,02589981
-0,06230818
0,05499207
0,05789741
-0,04562115
0,08430767
-0,004440581
-0,0501511
0,006227791
-0,01477185
-0,002902657
0,02057133
-0,05959025
-0,05361323
0,0501696
-0,0357936
-0,05593802
0,2146585
-0,04951625
-0,09183171
0,007984209
0,04496361
-0,237658
0,1514384
0,2598351
0,04651719
-0,1633082
0,08096373
-0,3716271
-0,05816535
0,05513614
0,1456587
-0,2133409
0,06373182
-0,5648535
0,1544697
-0,06523976
0,153807
-0,3492393
0,04459194
-0,2512859
0,3434871
-0,1399326
0,001539167
-0,3822056
0,08280684
-0,1138474
0,1420842
-0,08467918
0,04785714
-0,2096918
-0,01224598
-0,007254899
0,2017915
0,07373457
-0,1286941
0,03477371
0,07971079
-0,04228468
0,1341687
0,0888535
0,03772176
-0,06876153
-0,03737354
0,07555343
0,3897483
-0,0007272874
-0,09263711
-0,08186509
0,01317807
0,03275574
0,348831
0,3132196
-0,0440804
0,1844777
-0,141601
-0,01971776
0,4144177
0,0902639
0,08089948
0,2217937
0,03236323
0,07101983
0,4405793
0,1532835
-0,2184421
0,1836909
0,1327526
0,07652956
0,3789788
0,2200301
0,01794885
0,1916731
0,02276116
0,3585748
0,2962951
0,122017
0,03991837
0,21707
0,09696815
-0,01227955
0,3340419
0,2487368
0,197861
0,1442196
0,2445381
0,3380829
0,526801
0,05414211
-0,06829551
0,1285877
0,1094907
0,4545292
0,3898199
0,04622565
0,2189265
-0,1030013
0,02085744
0,298442
0,4390095
-0,02473444
0,2256476
-0,3262563
-0,06097907
0,3615266
0,2541868
0,1922465
0,1038536
-0,3277538
0,0786669
0,2305079
0,2600193
-0,08052956
0,05496322
-0,1539251
0,04033294
0,2009289
0,2389989
-0,04947602
-0,02898601
-0,006370943
0,00278623
-0,06022223
0,01156445
0,07548627
-0,04661063
-0,02437537
0,07026352
-0,02390144
-0,09385812
0,03873631
-0,1326298
-0,008425999
-0,06939612
-0,0241126
-0,07367798
-0,03344389
-0,07453055
-0,05661366
-0,07465917
-0,004458454
0,05375763
-0,06793114
0,05051202
-0,02725088
0,05250961
0,08102822
-0,06094874
-0,04690908
0,02736843
0,05912095
-0,009211295
-0,03268822
-0,03738549
-0,03052907
-0,07711869
-0,04610791
0,05487821
0,07357989
0,04855733
0,05237529
-0,0109139
0,03602476
-0,0241296
-0,09065414
0,01087724
-0,04036984
0,03048313
0,0332917
-0,06154913
-0,132298
0,008222561
-0,01719832
0,04290964
-0,0418121
0,06041095
-0,07121646
0,02162754
-0,04513029
0,1849206
-0,1217689
-0,06372547
-0,1568666
0,1376887
-0,04845094
0,04931944
-0,171248
0,1362078
-0,09124039
0,2033806
0,1331858
0,1222496
-0,3099453
0,08291337
-0,4250942
0,1444954
0,2093946
0,07331115
-0,4809577
0,1027282
-0,5459654
0,2342301
0,01491234
0,1224615
-0,411517
-0,01813064
-0,1463492
0,3210466
-0,05491671
0,01466402
-0,3867633
-0,1117848
-0,4586175
0,2993814
0,09566478
0,4004189
-0,1813127
-0,02865911
-0,3880614
0,2842843
0,1830572
0,2493773
-0,3251585
-0,07989733
-0,325328
0,2896723
0,02938261
0,3756765
-0,08874042
-0,1021949
-0,09125119
0,1377372
0,118195
0,4285621
-0,1455809
-0,142706
-0,1166689
0,4417866
0,07835953
0,4301999
0,04272824
-0,04657952
-0,009023448
0,5852486
0,1602177
0,6283554
0,03242651
-0,09206431
0,1321229
0,6550922
0,1922245
0,4498631
-0,09978642
-0,2131438
0,08966294
0,533972
0,2849364
0,6435717
-0,2103815
-0,164135
0,05990957
0,5049552
0,2375805
0,5033988
-0,1515391
-0,1181301
0,2819152
0,4947742
0,1147541
0,5778893
-0,4546781
-0,209021
0,164474
0,372149
0,002140844
0,3008438
-0,2405992
-0,1447054
0,04216515
0,2492864
-0,1650229
0,1153301
-0,1722417
-0,08631562
0,007171999
0,2004294
-0,1225656
-0,1087773
-0,03770496
0,07008505
-0,05988958
0,03256696
-0,04210798
0,006541218
-0,06012375
0,07743669
-0,01036772
-0,08506547
-0,04405655
0,03238911
-0,04887673
-0,07460867
0,02758181
0,02504165
-0,04360904
-0,05313315
0,08280094
0,05554099
-0,069273
-0,06448018
-0,05686416
0,03077745
-0,04931713
0,02449945
0,009978695
0,06717973
-0,03050793
-0,05708043
-0,008074657
0,06243791
-0,01973929
-0,06727397
-0,01450505
0,04705185
-0,04832735
-0,06478838
0,04172513
0,07821991
0,005031723
0,01263681
0,04784648
-0,04551516
0,01507769
-0,02880749
0,01859679
0,06434125
-0,01721741
-0,06599025
0,09018753
-0,05114467
0,01280563
0,04378967
-0,05615452
-0,09036306
0,1339387
0,04355837
-0,03417364
-0,02243727
-0,07636787
0,02030726
0,0576212
-0,03408674
0,01204261
0,04988782
-0,04323601
0,0465948
-0,1365262
-0,1725819
0,1355361
0,1559234
-0,2476534
0,0509411
-0,08886172
-0,1294375
0,06864652
0,3859925
-0,089577
-0,1033273
-0,1909259
-0,1337412
0,08458386
0,4511411
-0,2125294
-0,1447311
-0,1792783
-0,1615483
0,1479677
0,3694905
-0,1990242
-0,2232543
-0,2739743
-0,1078213
0,09933265
0,3621301
-0,09924707
-0,3006153
-0,08334251
0,1175739
0,08109888
0,3482806
-0,07254246
-0,260483
-0,272618
0,116929
-0,01531705
0,5953861
-0,1383723
-0,3537015
-0,09596121
0,02627464
0,2523817
0,7066994
-0,3127274
-0,4423088
-0,1485541
0,05229452
0,2642235
0,6565929
-0,2631718
-0,2713569
-0,1893109
0,05497844
0,2192229
0,4890926
-0,06104041
-0,259947
-0,1625847
0,1721403
0,2269323
0,5298306
-0,1816905
-0,2776226
-0,09299649
0,007374141
0,0823262
0,5217594
-0,1990387
-0,1987011
-0,01085915
-0,01273534
0,0963314
0,3660108
0,01297597
-0,1329179
0,02156933
0,2536987
0,1082742
0,2011484
-0,1761056
-0,03932143
-0,00632223
0,1939245
0,04070042
0,1216618
-0,008588699
-0,1617131
-0,0946282
-0,01925144
-0,0746166
0,03878574
-0,09673807
-0,07810243
-0,06682682
-0,006976483
0,04921375
0,05681372
0,03532638
0,02678704
-0,07097474
-0,01355874
0,02458953
-0,001248432
0,08401315
-0,04153033
-0,001055858
-0,0701633
-0,07571892
-0,04247217
-0,0213493
-0,06058097
0,05264303
0,06987842
-0,0780151
-0,07023888
0,01955362
-0,05440553
0,0425005
-0,04687133
-0,06809305
0,06376584
0,05094048
-0,05668294
0,02744197
-0,05684354
0,03194638
-0,01136918
-0,05821903
-0,0354084
-0,05705231
0,01962415
-0,008616748
-0,009695318
0,06303741
-0,06227008
0,02071876
-0,05639392
0,07392952
-0,03931543
0,06377432
0,01435689
0,06330559
-0,0734954
-0,0578001
-0,02059389
0,01137875
-0,06346972
0,005830133
0,02978038
0,07294613
0,04191943
0,02460493
0,0440068
-0,07436252
0,006306047
-0,01845012
0,05330533
-0,06377497
0,04850185
0,04244452
0,03121859
-0,03490426
-0,03615856
0,04246968
0,07322431
0,07888848
-0,05348666
0,08244429
-0,002421266
-0,06057541
-0,02628063
-0,06954974
0,01055709
-0,03110694
-0,03574476
-0,03956779
-0,01486142
-0,03068417
-0,09373093
0,04818863
-0,003416108
-0,059939
-0,04245365
-0,1544085
-0,08704785
0,07942075
0,03797358
0,07562528
-0,02042805
0,01894205
-0,09380119
0,01669315
0,02691651
0,09397057
-0,07049873
-0,00369459
-0,02743913
-0,02570911
0,110059
0,01440933
-0,04322072
-0,2019806
-0,07244525
0,1052849
0,2089593
-0,04196154
-0,03477623
-0,01015006
-0,16369
0,07685422
0,09053671
-0,01976041
-0,06053358
0,005286048
-0,1368013
0,05817939
0,1033419
0,05885745
-0,004262088
0,02529833
-0,165884
-0,02795609
0,1498931
-0,01126136
0,06264021
-0,05717048
-0,1548273
0,1012978
0,07958566
0,005495442
-0,06490971
-0,1414984
-0,04794531
-0,06030195
0,1737971
-0,01909695
-0,0506531
0,008054323
-0,03180825
0,03218173
0,1404895
-0,03830587
-0,02048264
0,1275837
0,03409994
-0,02595971
-0,02569072
0,04659507
-0,02170528
-0,07940348
-0,07764111
0,01438223
0,09526242
0,03016168
-0,04475889
0,01854991
-0,06118566
-0,01872245
0,08543894
-0,05918308
-0,049048
0,05328681
-0,008834057
-0,008330029
0,01223929
-0,0281413
0,001181467
0,08245187
0,04795343
0,04922968
-0,06223881
-0,05098073
-0,02185772
-0,04195886
-0,04754953
-0,06929775
0,08508897
-0,05284379
0,03041247
0,04929936
-0,01283627
0,05980141
0,06137345
0,05632588
0,04421065
-0,01189297
-0,01105759
0,01943263
-0,06155394
-0,07001045
0,02707685
-1,292493
-0,2282157
0,01679638
-0,8597913
0,8598251
-0,5144597
0,2686909
-1,079076
0,158473
0,02082924
-0,3266723
0,07146551
-0,2544908
0,6414433
-0,4898225
1,272812
-0,6095333
-0,8058123
0,5716872
-0,2007881
0,311725
0,6293775
1,015281
0,8219269
-1,456422
-0,8977994
-0,3612966
0,326936
0,05907288
-0,2985781
0,1523569
-1,046497
-0,721913
-0,6549653
0,1336934
-0,6109149
-1,117233
1,120872
-0,4277627
0,7053735
1,265883
-1,518969
-0,3142609
-1,064383
-0,6848297
0,0913886
0,8932009
-0,9181015
-0,5019016
-1,108103
0,4002067
0,9959511
0,0169279
0,4327566
0,168503
-0,8609511
0,6804408
0,6106936
-1,008557
-0,4246858
